[[[-0.9951197952786148, -0.09572243597735726, -0.023917629748866277, 0.2746757679672703], [-0.014069496384812008, 0.37760451817849894, -0.925860235236304, 1.1348574953467898], [0.09765786334008456, -0.9210054121674066, -0.3771084241844724, 0.5528060702342823], [0.0, 0.0, 0.0, 1.0]], [[-0.9949567266713565, -0.0983247814061652, -0.019814217952978185, 0.274323601175141], [-0.01804740062672484, 0.36981728785851975, -0.9289293508804721, 1.1539544677124667], [0.09866422089555033, -0.9238865329671491, -0.36972682033347204, 0.5252815791885412], [0.0, 0.0, 0.0, 1.0]], [[-0.995076738003648, -0.09761890037487786, -0.017068867870935766, 0.2724648230774164], [-0.019918265708512274, 0.3657408556592071, -0.9305031819273345, 1.1641383268963919], [0.09707692514264804, -0.925583372217544, -0.3658846869868906, 0.5117562299752415], [0.0, 0.0, 0.0, 1.0]], [[-0.995191099146887, -0.0965737636864795, -0.016351687943337245, 0.272914878134996], [-0.019966050115898498, 0.36344306735803056, -0.9314019217527197, 1.1730340665260661], [0.09589248409964403, -0.9265969398511488, -0.36362310910223244, 0.5008638598195861], [0.0, 0.0, 0.0, 1.0]], [[-0.9950830421805191, -0.09778313187944142, -0.01570355093554499, 0.2724522422063863], [-0.020738883859631622, 0.36079285790419935, -0.9324155137063076, 1.179455474805551], [0.09684066198689172, -0.9275055222719183, -0.3610476758528429, 0.48867995980460366], [0.0, 0.0, 0.0, 1.0]], [[-0.9949155122170092, -0.0995735862101891, -0.015062742759278049, 0.2724682989302489], [-0.021648594722814166, 0.35754411768765804, -0.9336453778518383, 1.1876651979742947], [0.09835229092412204, -0.9285725485758138, -0.3578826850787061, 0.4774370777253487], [0.0, 0.0, 0.0, 1.0]], [[-0.9947658218144063, -0.10143188615694113, -0.012335548619152576, 0.2716665114381601], [-0.02438157837891037, 0.35286372099670094, -0.9353570634620852, 1.1951030592080847], [0.09922746448228567, -0.9301603699243691, -0.35348967212389926, 0.4645449133772212], [0.0, 0.0, 0.0, 1.0]], [[-0.9944867450132417, -0.10405387272911439, -0.012991767219021027, 0.2727620688804606], [-0.024464911867344126, 0.3507079837864371, -0.9361656535250693, 1.2028970663119125], [0.10196847890670685, -0.9306861884519333, -0.3513198563360864, 0.4550271636035904], [0.0, 0.0, 0.0, 1.0]], [[-0.9943748467822727, -0.10535657947572208, -0.01082044476304113, 0.2722770504454387], [-0.026777548903347208, 0.3489434859584751, -0.9367611598497935, 1.2099424270291403], [0.1024702366060783, -0.9312027527099338, -0.34980243424899465, 0.44751834509489724], [0.0, 0.0, 0.0, 1.0]], [[-0.9943124133106161, -0.10581503687957186, -0.012061660728275756, 0.27501954893293235], [-0.025801298438647847, 0.349220770689276, -0.936685226529047, 1.2138339580279103], [0.1033277200787436, -0.9310460092244739, -0.34996502746541863, 0.44236038811137596], [0.0, 0.0, 0.0, 1.0]], [[-0.9947970091183106, -0.10161322539214698, -0.007298118025352722, 0.27769459066111196], [-0.02843460256906361, 0.34574507797684784, -0.9378969497965742, 1.2112673245050334], [0.09782658158286386, -0.9328095763190452, -0.3468355580626742, 0.43600118229982693], [0.0, 0.0, 0.0, 1.0]], [[-0.9949243609122682, -0.10041993756554933, -0.006361677410493281, 0.27767717962429117], [-0.02901805580298024, 0.3468932305471048, -0.9374550614761272, 1.2144101965177159], [0.09634577888895034, -0.9325127603254006, -0.3480468295866652, 0.4339824581062858], [0.0, 0.0, 0.0, 1.0]], [[-0.9950819406463827, -0.0988579960018083, -0.006239403827320691, 0.2787163884235491], [-0.028625082753565748, 0.3472862117078171, -0.9373226237396587, 1.2163418274768707], [0.09482915445233904, -0.9325337865185052, -0.3484074878608324, 0.43114146069651116], [0.0, 0.0, 0.0, 1.0]], [[-0.9950194345242472, -0.0991803318877997, -0.009942349592325003, 0.2871631575404011], [-0.02508084282809777, 0.34566189372260037, -0.9380235552034686, 1.2189481167509082], [0.09647000459102086, -0.9331029886651427, -0.3464285100275528, 0.422827105365103], [0.0, 0.0, 0.0, 1.0]], [[-0.9952112620658852, -0.09584387365748767, -0.019190256453176586, 0.30467116754270857], [-0.015359699817418953, 0.347229576486455, -0.9376546576951305, 1.221393341474014], [0.09653147943501014, -0.9328690936043018, -0.3470390894746519, 0.4201113076293449], [0.0, 0.0, 0.0, 1.0]], [[-0.995404728038001, -0.09277403126849947, -0.023717065085578, 0.31239743298252337], [-0.01004778727313738, 0.3475044513552613, -0.9376241528094419, 1.2212446796318888], [0.09522855056179422, -0.9330773252865354, -0.34683904996370757, 0.4192172971459573], [0.0, 0.0, 0.0, 1.0]], [[-0.9967786282280773, -0.07392422861693215, -0.031100393750672178, 0.32750315484621206], [0.003934627306740049, 0.342237263085076, -0.9396059194089792, 1.222004259823276], [0.0801035659930752, -0.9367006609213196, -0.3408431946816732, 0.41489461258826194], [0.0, 0.0, 0.0, 1.0]], [[-0.997489446908966, -0.06207855021370191, -0.03405805628902546, 0.333754338156494], [0.011095826464791863, 0.3380109827738644, -0.9410761791617172, 1.2224930097262565], [0.06993250147357191, -0.939092144928588, -0.3364744475410794, 0.41196033166577506], [0.0, 0.0, 0.0, 1.0]], [[-0.9986366048981465, -0.03697641118293264, -0.036829179187804956, 0.3445621174076635], [0.022532046143229303, 0.3310533787893649, -0.9433429545662017, 1.2243651532074207], [0.04707337414038762, -0.9428875463122359, -0.3297691577144846, 0.41149357597544095], [0.0, 0.0, 0.0, 1.0]], [[-0.998618894104137, -0.02790929562781348, -0.04449985574096602, 0.3573020708151867], [0.033020276954432964, 0.3252884617588963, -0.9450379274637479, 1.2217630672479052], [0.04085023270172256, -0.9452022474131162, -0.32391854736352205, 0.4072292666815958], [0.0, 0.0, 0.0, 1.0]], [[-0.9986896072924911, -0.018473140646829884, -0.04770970908775246, 0.3723020834345518], [0.039521707470366506, 0.313588772519111, -0.9487357845869672, 1.2244812421640692], [0.03248801661624278, -0.9493791690699627, -0.31244886881411144, 0.40067276518220807], [0.0, 0.0, 0.0, 1.0]], [[-0.9985206470007998, -0.012843281884413162, -0.05283497037853982, 0.3855395419766938], [0.046317558550076694, 0.308073758991337, -0.9502344771903524, 1.2275408877629514], [0.028480991499052775, -0.9512759158206753, -0.30702376089593447, 0.39881679990463487], [0.0, 0.0, 0.0, 1.0]], [[-0.9985265663862573, -0.003805362031800205, -0.054127591011741, 0.3974025169165083], [0.050371993530056745, 0.30587307211012066, -0.9507389108218842, 1.2269794843553143], [0.020173662663958505, -0.952064115600469, -0.30522987644711413, 0.40292155314452327], [0.0, 0.0, 0.0, 1.0]], [[-0.9984206520918998, 0.005954421430682583, -0.05585866103833459, 0.41012082788973836], [0.05503274835124265, 0.30313990303347377, -0.9513552190469065, 1.2244067828623992], [0.011267885778376563, -0.9529275573126038, -0.30298905617079186, 0.4069346790771097], [0.0, 0.0, 0.0, 1.0]], [[-0.9983900644489231, 0.014529306232843962, -0.05482249450191319, 0.4214317945066535], [0.056653099635851, 0.3005124054836878, -0.9520937064992537, 1.223548769267873], [0.002641378048086567, -0.953666865478319, -0.30085163406165055, 0.4111683626308943], [0.0, 0.0, 0.0, 1.0]], [[-0.9981667498341648, 0.020490311899841237, -0.05693552924070943, 0.4369943508550349], [0.06045923648346519, 0.2992042900588911, -0.9522714386504143, 1.2200773924635164], [-0.0024775809625841986, -0.9539688344619875, -0.29989479056394036, 0.4162396437354783], [0.0, 0.0, 0.0, 1.0]], [[-0.9979995250240072, 0.022961130847038366, -0.058897887830683414, 0.4523022091292933], [0.06307516169677055, 0.29969317614888324, -0.9519484098228761, 1.216358342502783], [-0.004206061056535691, -0.9537591562350886, -0.3005425110915651, 0.422215241323554], [0.0, 0.0, 0.0, 1.0]], [[-0.9978447670511539, 0.024885970404397228, -0.060704727170766734, 0.46756009036090307], [0.06539306841923619, 0.3024191855071945, -0.9509294204094546, 1.2143712636891648], [-0.005306608793801953, -0.9528498376326896, -0.3033951011603898, 0.4305737184395519], [0.0, 0.0, 0.0, 1.0]], [[-0.9978015052162769, 0.028493702111380498, -0.05983221278033593, 0.48035356027833626], [0.06571590631586333, 0.3089023492361716, -0.9488201955142019, 1.2098114912140807], [-0.008552745880061262, -0.9506664745412443, -0.3100962034884241, 0.4434366676003286], [0.0, 0.0, 0.0, 1.0]], [[-0.9978584933184093, 0.03370019926025718, -0.05605549128581367, 0.48964182190111033], [0.06385467771013452, 0.3163865512729262, -0.946478604313716, 1.2043932746964257], [-0.014160767766267806, -0.9480317655578407, -0.31786104759074263, 0.45805775414446387], [0.0, 0.0, 0.0, 1.0]], [[-0.9977609746343169, 0.038655631654986436, -0.054565092079016476, 0.49857202340149104], [0.06428311962945613, 0.32969791837470525, -0.9418955262738217, 1.1934537711347475], [-0.018419711814826215, -0.9432939563692239, -0.33144554611180504, 0.4762849877962698], [0.0, 0.0, 0.0, 1.0]], [[-0.9977718624193055, 0.044402211193329204, -0.04979773381405288, 0.5027938923074897], [0.06204261952628897, 0.34298055481472445, -0.937291629118784, 1.1838010446998972], [-0.024538137100389105, -0.9382925768132777, -0.3449715022513591, 0.49670785301680526], [0.0, 0.0, 0.0, 1.0]], [[-0.9977484619338438, 0.04991789382735233, -0.044772823404786645, 0.5070027023069826], [0.05964497105836898, 0.3555856726061281, -0.9327383042521176, 1.1736907905850853], [-0.03064038629570408, -0.9333093378113599, -0.35776208825592637, 0.5161358236954906], [0.0, 0.0, 0.0, 1.0]], [[-0.9977364847177079, 0.054617531184853324, -0.03921138816087662, 0.5102918145648495], [0.05656476482828567, 0.366609046781315, -0.9286540943107161, 1.1621599023284792], [-0.03634582958877203, -0.9287702836100205, -0.36886846810331064, 0.5322363921125007], [0.0, 0.0, 0.0, 1.0]], [[-0.9977460501723643, 0.05866836787352909, -0.032564743484566436, 0.5111855624964544], [0.05231228470101753, 0.3761977259398914, -0.925061465251002, 1.1511671257724965], [-0.04202075482466554, -0.9246795781583788, -0.3784198932575041, 0.5468434217326148], [0.0, 0.0, 0.0, 1.0]], [[-0.9976354070533261, 0.06318985316541699, -0.02699769212672198, 0.5125741032298288], [0.049337759559374986, 0.3852430441001542, -0.9214954978776755, 1.1419804873516786], [-0.04782897318608237, -0.9206490524944597, -0.3874503793750583, 0.5607271331603283], [0.0, 0.0, 0.0, 1.0]], [[-0.9975714814249459, 0.06761656376404473, -0.016658473452658865, 0.5085652488739693], [0.041968085458884134, 0.39285391224188987, -0.9186423133040388, 1.1332024606444229], [-0.05557139721189484, -0.9171117379700153, -0.3947382125071913, 0.5721942453741039], [0.0, 0.0, 0.0, 1.0]], [[-0.9972774598881223, 0.07362088729983646, -0.004150789884022422, 0.5014131215325253], [0.03319189400120526, 0.3979235943123317, -0.9168179172934694, 1.1279877384359265], [-0.0658459320643988, -0.9144596682898012, -0.39928371979349886, 0.5806973776939952], [0.0, 0.0, 0.0, 1.0]], [[-0.9963173521539646, 0.08453969758081645, 0.014312331114121467, 0.488800711783304], [0.02041128353587245, 0.3959665812356993, -0.9180380379952148, 1.1264113223967303], [-0.083278133271584, -0.9143648353061126, -0.39623393649218336, 0.5838653881206394], [0.0, 0.0, 0.0, 1.0]], [[-0.9941549490506111, 0.10255438306461259, 0.033720551847540914, 0.47304454807715945], [0.009270540819529358, 0.3923060327979476, -0.9197880506876445, 1.128578747366004], [-0.10755678588373592, -0.9140998786175629, -0.3909641238202546, 0.5875306839592078], [0.0, 0.0, 0.0, 1.0]], [[-0.9916162762118526, 0.11931589622139048, 0.04959527356771227, 0.4594424311157886], [0.0002552026971671881, 0.3856370267502821, -0.9226501234467709, 1.1259052764029227], [-0.1292132358668716, -0.9149026558217171, -0.3824341751247902, 0.5844911622502795], [0.0, 0.0, 0.0, 1.0]], [[-0.9897962540329353, 0.1329692186492959, 0.0512105514096745, 0.46156022809238], [0.003406266237603982, 0.38137950178707003, -0.9244122805819582, 1.1225198163984496], [-0.14244881965840334, -0.9148049599004603, -0.37794166638292764, 0.5858008851231156], [0.0, 0.0, 0.0, 1.0]], [[-0.9884529202618026, 0.1426355043251371, 0.051130392730782404, 0.466825884510242], [0.0061823705666192415, 0.375130429716572, -0.9269510967646106, 1.1195111296234168], [-0.15139688880350374, -0.9159327652341316, -0.3716802280480658, 0.5842784368160002], [0.0, 0.0, 0.0, 1.0]], [[-0.9876704273133114, 0.1487366940427913, 0.048830793163542295, 0.47429069076735325], [0.010180984963095416, 0.3722917361634568, -0.9280600016934544, 1.1144322954675714], [-0.1562161432359016, -0.9161198516777554, -0.36921525168845265, 0.5855868992384576], [0.0, 0.0, 0.0, 1.0]], [[-0.987843111807601, 0.15018138197132275, 0.04012804020673444, 0.48662616680607773], [0.018909217037922272, 0.37231501708356957, -0.9279135140754344, 1.1052176059584986], [-0.1542952537689766, -0.9158750078011657, -0.3706288539288384, 0.5887840541517797], [0.0, 0.0, 0.0, 1.0]], [[-0.9884169335638091, 0.1485471332910156, 0.03106861332393394, 0.5002256780491964], [0.02712625352997474, 0.37435640724492897, -0.9268877070504056, 1.0937421233460107], [-0.14931726932438233, -0.9153087841577842, -0.37405062488999463, 0.5924289864119053], [0.0, 0.0, 0.0, 1.0]], [[-0.9889016229422799, 0.14660873259447033, 0.024051169074112512, 0.5118415727620517], [0.03367405417227448, 0.3788584010293593, -0.9248415379878058, 1.0822392415460338], [-0.14470114555450325, -0.9137679099271719, -0.3795907902370715, 0.5986970108263449], [0.0, 0.0, 0.0, 1.0]], [[-0.9893557517664295, 0.14454110313446045, 0.01680893578065151, 0.5209677525048693], [0.04078956479433894, 0.3863537099622736, -0.9214485864056754, 1.0712507898566266], [-0.1396814622982502, -0.910954796720565, -0.3881374400073328, 0.6090659976761952], [0.0, 0.0, 0.0, 1.0]], [[-0.9897547203605911, 0.14254381655395565, 0.00808324898005117, 0.5305150054363037], [0.048899320610890265, 0.3916348433217598, -0.9188207751281603, 1.05808390174684], [-0.13413786146326176, -0.9090119314627824, -0.3945933113239159, 0.6160410909111672], [0.0, 0.0, 0.0, 1.0]], [[-0.9901913377375441, 0.13970333339640517, 0.0019666647794488925, 0.5371956637692393], [0.054338869207347096, 0.39803562573151263, -0.9157589975778578, 1.0463913921089443], [-0.1287180840723103, -0.9066692973204759, -0.401723545098183, 0.624841816436548], [0.0, 0.0, 0.0, 1.0]], [[-0.9904001886208296, 0.13795540287983205, -0.008695568871648985, 0.547896853154159], [0.06508287290910625, 0.4098991457292048, -0.9098057562812548, 1.027896026664979], [-0.12194749310118307, -0.9016376331383951, -0.4149429105429845, 0.6367213434757704], [0.0, 0.0, 0.0, 1.0]], [[-0.9905781500387726, 0.13619274181183602, -0.014318849045690342, 0.5538293023412914], [0.07044613064583452, 0.4171212708403322, -0.9061159646974989, 1.0123711601148537], [-0.11743373387519095, -0.8985886056948221, -0.42278576664213185, 0.64643946005612], [0.0, 0.0, 0.0, 1.0]], [[-0.9908036631023027, 0.13346118462083584, -0.022237147915573935, 0.5594863313643945], [0.07721539826327788, 0.4227904671023917, -0.9029315830595676, 0.9993451766169739], [-0.11110408502308675, -0.8963461814907806, -0.42920837950250684, 0.6543130695373832], [0.0, 0.0, 0.0, 1.0]], [[-0.9906108990179878, 0.13416961567772467, -0.02623393678759983, 0.5638262508560813], [0.08192856916894982, 0.42901170936093275, -0.8995758026883098, 0.986223018194551], [-0.109440171509187, -0.8932795455661778, -0.4359757799125984, 0.6656628445594718], [0.0, 0.0, 0.0, 1.0]], [[-0.9905749908795575, 0.1338054226725975, -0.02927667095596191, 0.5633722876391051], [0.08562687873519471, 0.4381109739269631, -0.8948339949276342, 0.9727492567761739], [-0.10690732686466538, -0.8889064013065129, -0.4454389461213381, 0.678840455923249], [0.0, 0.0, 0.0, 1.0]], [[-0.9902617633505616, 0.13570334246720306, -0.031063751360147735, 0.5631983330818826], [0.08911598368151386, 0.446493610815667, -0.8903384566150135, 0.9598322592155435], [-0.10695218874273199, -0.8844368649473086, -0.45423857229795433, 0.6921107015815375], [0.0, 0.0, 0.0, 1.0]], [[-0.9900775340243502, 0.13680961269149236, -0.032089712692633145, 0.5619214483197911], [0.09137046974283568, 0.45326017251597944, -0.88668286756452, 0.9485520101090242], [-0.10676133606238819, -0.8808170393425359, -0.46126313200708113, 0.7043291977546824], [0.0, 0.0, 0.0, 1.0]], [[-0.9896502287718889, 0.13886579484812622, -0.03617725285182492, 0.5637612135885814], [0.09659960204069293, 0.4582427588314553, -0.8835627915594118, 0.9337519683945816], [-0.10611841067470523, -0.8779127959424088, -0.46691397582961663, 0.7135928460404675], [0.0, 0.0, 0.0, 1.0]], [[-0.9896170663733502, 0.13829575814879316, -0.03912656404837087, 0.5630230341225823], [0.0998759350905401, 0.4659633647893333, -0.8791493012764079, 0.9209228738093701], [-0.10335050365084107, -0.8739294904182554, -0.47493749891696757, 0.7249244620503141], [0.0, 0.0, 0.0, 1.0]], [[-0.9891775834595465, 0.14105185589121189, -0.04039354060965913, 0.5623289497531265], [0.10301595918743937, 0.4716436160330032, -0.8757512115704786, 0.9112232183950993], [-0.10447437996153221, -0.8704346915238701, -0.4810699982051576, 0.7353683240920149], [0.0, 0.0, 0.0, 1.0]], [[-0.9875397142050752, 0.15190055602034278, -0.04112427216854395, 0.5668745880839362], [0.10990425941874347, 0.47868467921099184, -0.8710805987189092, 0.9042991020987355], [-0.1126322834236159, -0.8647464575412903, -0.48941500856874975, 0.7504757379409446], [0.0, 0.0, 0.0, 1.0]], [[-0.9866118428246434, 0.15829103187871774, -0.03924096549049839, 0.5615141314879798], [0.11173918517973405, 0.48086921995500986, -0.8696431636064665, 0.898307896601738], [-0.11878745769413018, -0.8623850114124582, -0.49211888901864964, 0.7591567280309336], [0.0, 0.0, 0.0, 1.0]], [[-0.9855371522513781, 0.16530359291155816, -0.03728685518824938, 0.5543695599510111], [0.11354457201398402, 0.48083660783300197, -0.8694276360072883, 0.8918924963692257], [-0.12579060435440217, -0.8610865367588412, -0.4926516562191713, 0.766995373564504], [0.0, 0.0, 0.0, 1.0]], [[-0.9840978482523548, 0.17404310841088866, -0.03549099531919967, 0.5488282469320187], [0.11675421875667774, 0.48323091967512105, -0.8676727781970622, 0.8898322701005557], [-0.13386223829966204, -0.858019157814257, -0.495867130921289, 0.7769908088119926], [0.0, 0.0, 0.0, 1.0]], [[-0.9826786654791327, 0.18231708251228804, -0.03320798084378676, 0.5423927091992958], [0.1188004045938269, 0.4822354285612351, -0.8679488020539884, 0.8905691788514611], [-0.14222790246553554, -0.8568600515402599, -0.4955421227225591, 0.7831194827037126], [0.0, 0.0, 0.0, 1.0]], [[-0.9810515870807073, 0.19139633775145823, -0.030080004820824718, 0.5351302095147542], [0.11980096212022805, 0.47725433636649905, -0.8705607450417054, 0.8886256289939419], [-0.15226587404627223, -0.8576686005874479, -0.49113993881744217, 0.7856673889885002], [0.0, 0.0, 0.0, 1.0]], [[-0.9791866260730726, 0.20129572186704414, -0.025925356698439126, 0.5252453992189016], [0.12119340628595589, 0.47745393132045594, -0.8702577520483805, 0.8882106202653587], [-0.1628016321586648, -0.8552877691917307, -0.4919126839252498, 0.792798171310251], [0.0, 0.0, 0.0, 1.0]], [[-0.976331216422247, 0.2155014789873036, -0.01830820738107683, 0.5132767621500287], [0.12191003988317074, 0.4784361178990374, -0.8696186651821893, 0.8881089234622158], [-0.1786450615806442, -0.8512690713289092, -0.4933842592021569, 0.8026436510431404], [0.0, 0.0, 0.0, 1.0]], [[-0.9717953413899248, 0.23556649412491446, -0.011015740905667962, 0.5018042667232806], [0.12559095324392605, 0.4774439242119098, -0.8696406131736643, 0.8877064621216191], [-0.1995988169567772, -0.8464959877147012, -0.4935629266650433, 0.8125519503743157], [0.0, 0.0, 0.0, 1.0]], [[-0.9672233309535784, 0.25385555181253877, -0.005948698679000184, 0.4883898086398639], [0.12906311225653255, 0.47130719209398425, -0.8724744847284189, 0.8880249514591388], [-0.21867839723776078, -0.8446464354817107, -0.4886230101260683, 0.8157833092054568], [0.0, 0.0, 0.0, 1.0]], [[-0.9638178079587032, 0.2665470334520995, -0.002551586459869865, 0.46498523048414864], [0.1315582262379377, 0.467336617771696, -0.874236435208473, 0.8949694709816788], [-0.2318324725484539, -0.8429408466502699, -0.48549420627327994, 0.813840803920678], [0.0, 0.0, 0.0, 1.0]], [[-0.9586979545794868, 0.28440265184212976, 0.0035462317786265026, 0.45558460480386], [0.13364370338890827, 0.4614372475562857, -0.8770485429563945, 0.8962305346512245], [-0.25107125773432615, -0.8403511010444904, -0.4803885140984998, 0.8141489979418982], [0.0, 0.0, 0.0, 1.0]], [[-0.9535897455384218, 0.30090521163044454, 0.01107461305713053, 0.4462657349617762], [0.13471938495078553, 0.45924879824254017, -0.8780322143116246, 0.8977810590896333], [-0.2692902599908157, -0.8357908925972766, -0.4784723495501871, 0.818285566987727], [0.0, 0.0, 0.0, 1.0]], [[-0.9477469486953358, 0.31846898542185137, 0.018799520360975187, 0.4380117887386465], [0.13673674890682375, 0.4587484554657888, -0.8779822033020135, 0.8991665172749079], [-0.2882337059550316, -0.8295339309125589, -0.4783243512707405, 0.8228233717029456], [0.0, 0.0, 0.0, 1.0]], [[-0.94110753495983, 0.33711410697381944, 0.02589928716544245, 0.4320112937993949], [0.1395459485265061, 0.4570531723751969, -0.8784245376802111, 0.900548780161636], [-0.30796660256194675, -0.8230773368482017, -0.47717944916941696, 0.8271538161668878], [0.0, 0.0, 0.0, 1.0]], [[-0.9338719071573093, 0.35609465574288457, 0.032848377756576876, 0.4277544157538626], [0.14259838415248174, 0.45505127427731573, -0.8789735995729887, 0.9008778259293834], [-0.3279451166817926, -0.8161651716985249, -0.47573860980199867, 0.8311520033254756], [0.0, 0.0, 0.0, 1.0]], [[-0.9270666936792028, 0.37302024508062026, 0.03745292652862858, 0.4236078133023452], [0.14650988948728008, 0.4524450483905668, -0.8796751832574261, 0.9022006104703192], [-0.34508164116509726, -0.8100305647861147, -0.47409820060567, 0.8333088547433963], [0.0, 0.0, 0.0, 1.0]], [[-0.918842855746507, 0.3924185101084812, 0.04165094030144253, 0.42069514794147866], [0.15031457437419482, 0.445628639978195, -0.8825086077475385, 0.9026289332457205], [-0.36487331211406077, -0.8046259388863004, -0.4684486257403476, 0.8330514506084894], [0.0, 0.0, 0.0, 1.0]], [[-0.9097083142099349, 0.4128071249722261, 0.044954602401942496, 0.41953864601892393], [0.15638760190117063, 0.44088344407011043, -0.8838355153830785, 0.9035438429936589], [-0.3846737095343946, -0.7970020906735126, -0.46563345619923296, 0.8361922100870861], [0.0, 0.0, 0.0, 1.0]], [[-0.9004615173007003, 0.4325051881040798, 0.04591669253939295, 0.4200328451557232], [0.1641815682422736, 0.43577068228967314, -0.884956483906911, 0.8999594674430765], [-0.4027570308313192, -0.7893315713071862, -0.46340397151632945, 0.8383889601474043], [0.0, 0.0, 0.0, 1.0]], [[-0.8883104820303134, 0.4567874795931667, 0.04742969254299858, 0.4245341179168013], [0.17915044728661028, 0.43977321247281215, -0.8800594402851033, 0.9009906860051446], [-0.42285752610389815, -0.7732686759660156, -0.4724896848917495, 0.8493185895921223], [0.0, 0.0, 0.0, 1.0]], [[-0.8797264386988616, 0.47364675086791697, 0.0417026872896902, 0.43283982932280796], [0.19378272303658897, 0.43724446005491746, -0.8782175702893881, 0.8960821170169193], [-0.43419871048535813, -0.7645107488274613, -0.4764405058513343, 0.855080887419553], [0.0, 0.0, 0.0, 1.0]], [[-0.8729089832988985, 0.4867323047350743, 0.03346727700579328, 0.44633564612202403], [0.20769597403468892, 0.43280093543980874, -0.8772366665759066, 0.8895540325391642], [-0.44146440159265854, -0.758797877923231, -0.4788888692927422, 0.8570355858501125], [0.0, 0.0, 0.0, 1.0]], [[-0.8678810243646508, 0.49618766446844587, 0.024104676939741537, 0.4621384566357476], [0.22126745904297382, 0.42955185181420386, -0.8755145042806476, 0.8836259844998215], [-0.444773516849332, -0.7545089742620046, -0.48258951811495554, 0.8601090857204738], [0.0, 0.0, 0.0, 1.0]], [[-0.8628623979395689, 0.5052037272170651, 0.01536643153500094, 0.4782808977930015], [0.2340477490062096, 0.42631905949164206, -0.8737697889726254, 0.8785901741045993], [-0.4479836495972884, -0.7503468215929484, -0.48609646950298147, 0.861856802508572], [0.0, 0.0, 0.0, 1.0]], [[-0.8585440519722068, 0.5126897585394476, 0.007149834634274196, 0.4906515126727633], [0.24567764863320501, 0.42356732964809374, -0.8719133922321104, 0.8748580213159601], [-0.45004884061927425, -0.7468200388453405, -0.48960677186143053, 0.8637209989755344], [0.0, 0.0, 0.0, 1.0]], [[-0.8526212823051673, 0.522526454795448, 0.001902605086725002, 0.4992285094112726], [0.25584760984753574, 0.42064378500771693, -0.8704021496969341, 0.8713600907838612], [-0.45560879124329756, -0.7416368149430088, -0.49233703142331237, 0.8664808754062046], [0.0, 0.0, 0.0, 1.0]], [[-0.8447652335605857, 0.535123908494081, -0.0036632308279054785, 0.5068377434032858], [0.2668330401504805, 0.41527904954727196, -0.8696799428853272, 0.87194103575467], [-0.4638655907138493, -0.7356535076581645, -0.4936027991316201, 0.8694186274990627], [0.0, 0.0, 0.0, 1.0]], [[-0.8375407570116425, 0.54631337102237, -0.008148832598218856, 0.510588625932801], [0.2728372289198589, 0.4052661705664221, -0.8725356835349747, 0.8760873585726848], [-0.47337503683642407, -0.7330080352230072, -0.48848227773855396, 0.8668005244567814], [0.0, 0.0, 0.0, 1.0]], [[-0.829578555746631, 0.5582594927764192, -0.01208192154999468, 0.5157366662366895], [0.2788349571062189, 0.3954109095543525, -0.8751571316688677, 0.8811374808845192], [-0.48378739821544414, -0.7293805952516663, -0.48368730436577795, 0.8637555983571907], [0.0, 0.0, 0.0, 1.0]], [[-0.8198956509252491, 0.5722926471202298, -0.015895717839354756, 0.5208869951154329], [0.2848942975661779, 0.3837563469323861, -0.8783887800575516, 0.8821309620908245], [-0.4965943334459297, -0.7247152065027808, -0.47768322911226274, 0.8611981770266266], [0.0, 0.0, 0.0, 1.0]], [[-0.8121400631550113, 0.5832226488451552, -0.01674923932201831, 0.5217473873163733], [0.28924847790692815, 0.3775159591652002, -0.8796683848467205, 0.883881758929927], [-0.5067191815853479, -0.7192590358159803, -0.4752919085775196, 0.8604317940683218], [0.0, 0.0, 0.0, 1.0]], [[-0.805018912957376, 0.5929864521773922, -0.017615490856731746, 0.5207742445713599], [0.29354832705708395, 0.37235579981226785, -0.8804434561285449, 0.8830707897457077], [-0.5155318357627791, -0.7139446435715993, -0.4738244742116976, 0.8596410177018275], [0.0, 0.0, 0.0, 1.0]], [[-0.7973890585811214, 0.60317330745204, -0.018746888017904403, 0.5200031355676007], [0.2996679637919467, 0.368811325376544, -0.8798738093816637, 0.8832662739646233], [-0.5238020074726354, -0.7072197618721316, -0.47483845818627796, 0.8610122924985766], [0.0, 0.0, 0.0, 1.0]], [[-0.7898579062705657, 0.6129521083728358, -0.020321192824770264, 0.5198029960152286], [0.3053053871341703, 0.3642513831019517, -0.8798349839526154, 0.8810214821375764], [-0.5318949610417474, -0.7011486178558267, -0.47484429642232423, 0.8612800968346725], [0.0, 0.0, 0.0, 1.0]], [[-0.7825803427761728, 0.6221829110516159, -0.02137063856366256, 0.5196300806939146], [0.31224323279653554, 0.36257924662050245, -0.8780892415812921, 0.8769953568472262], [-0.5385833356720436, -0.6938473220679541, -0.4780193410380722, 0.8639063831574979], [0.0, 0.0, 0.0, 1.0]], [[-0.775434282148585, 0.6309929164164955, -0.02344552465734982, 0.5207039479843144], [0.32018192824029224, 0.36092857767213726, -0.8759071007920102, 0.8699464411267238], [-0.5442294711695407, -0.6867157254376812, -0.48190894834575776, 0.8669739056152378], [0.0, 0.0, 0.0, 1.0]], [[-0.7694909051697322, 0.6380853612053059, -0.027036984231375145, 0.5216806823955482], [0.3284160131135221, 0.35903182209437684, -0.8736359361940919, 0.8657243551331388], [-0.5477462193762781, -0.6811340611744642, -0.48582952014064784, 0.869065499163969], [0.0, 0.0, 0.0, 1.0]], [[-0.7637944404997768, 0.6448193701213931, -0.02872464313239754, 0.5227842582944311], [0.3344367606871988, 0.3572951317044446, -0.8720616888384426, 0.8620464122614887], [-0.5520591361718792, -0.6756823092550607, -0.4885519333339991, 0.8699628776689361], [0.0, 0.0, 0.0, 1.0]], [[-0.7592089162424641, 0.650202441857712, -0.028955360856453404, 0.5214955376506055], [0.3388099154736483, 0.35684231956411894, -0.8705582915597183, 0.8603400556553252], [-0.5557060359074201, -0.6707460876270216, -0.49121273945802574, 0.869947776301931], [0.0, 0.0, 0.0, 1.0]], [[-0.7552691371308332, 0.654819203673486, -0.0279155167223377, 0.5159089641814324], [0.3417241146781381, 0.35708588174137296, -0.8693181988806741, 0.8601055527480028], [-0.5592780546519349, -0.666108292832288, -0.493464123697263, 0.865960155879835], [0.0, 0.0, 0.0, 1.0]], [[-0.752073177573276, 0.6584312268725968, -0.029213453152722835, 0.5145265797500803], [0.3460697963200827, 0.35678800293138185, -0.8677199794831378, 0.8603670698113061], [-0.5609108893965596, -0.6626994598190924, -0.4961941853035061, 0.8629022251025094], [0.0, 0.0, 0.0, 1.0]], [[-0.7494466421731233, 0.6612730646585935, -0.032373685885245224, 0.5159791906463349], [0.3506985684331192, 0.35503547218854487, -0.8665791209445445, 0.8600923348265013], [-0.5615512418754263, -0.6608084806951303, -0.4979875010342171, 0.8589361072316324], [0.0, 0.0, 0.0, 1.0]], [[-0.7475628297135588, 0.663220446195125, -0.03587890013477985, 0.5192618528427436], [0.35476117140924457, 0.3530414380974172, -0.8657400803368195, 0.8610548275814577], [-0.5615099373175535, -0.659923520565644, -0.49920650751646856, 0.8536972663619506], [0.0, 0.0, 0.0, 1.0]], [[-0.7471309444632701, 0.6634329726657665, -0.0406313772055593, 0.5238257479886977], [0.3583366709570509, 0.3505502547729438, -0.8652795538447681, 0.8631670475170286], [-0.5598113243741202, -0.6610374129278845, -0.49963968763626376, 0.8465829984232421], [0.0, 0.0, 0.0, 1.0]], [[-0.7473923164671851, 0.6627357251228189, -0.04674556615159413, 0.5297061555083786], [0.36227321695184217, 0.3475475416620073, -0.8648515619367566, 0.8696356214671876], [-0.5569217619059862, -0.6633191637185485, -0.4998464101354211, 0.8386828134214643], [0.0, 0.0, 0.0, 1.0]], [[-0.7471471140857492, 0.6624482366318533, -0.05415816603744028, 0.5376490967734934], [0.36494193642862743, 0.34076924674286874, -0.8664255971782331, 0.8774395047526072], [-0.555506464677762, -0.6671129965709258, -0.49635997578974217, 0.8279667980340049], [0.0, 0.0, 0.0, 1.0]], [[-0.7471700655489476, 0.661987176188637, -0.05924066367908464, 0.5412749939806349], [0.36466927627158446, 0.33380678156985505, -0.8692463096882472, 0.8879281362417137], [-0.5556550711137755, -0.6710776724723981, -0.49081776990687165, 0.8151488001455183], [0.0, 0.0, 0.0, 1.0]], [[-0.744412464249693, 0.6646571686217915, -0.06387458836991457, 0.5450660169855387], [0.3649690242836111, 0.3249171710484777, -0.872482595287526, 0.897592447149177], [-0.5591486204465107, -0.6727994107495423, -0.4844522106590816, 0.8039130856411173], [0.0, 0.0, 0.0, 1.0]], [[-0.740707028975465, 0.668346736715202, -0.0683047887933781, 0.5488704527715231], [0.3659103428439817, 0.3160675769784945, -0.8753340248280531, 0.9052680460319369], [-0.5634376496893837, -0.6733597461832757, -0.47866883541362487, 0.793046131356064], [0.0, 0.0, 0.0, 1.0]], [[-0.7382831647348487, 0.670556756234265, -0.07273617974793395, 0.5511663126939786], [0.36709128492758175, 0.3089993014951572, -0.8773612675328275, 0.910198752952211], [-0.5658458092844577, -0.6744422897199988, -0.4742845015649188, 0.7849933453350473], [0.0, 0.0, 0.0, 1.0]], [[-0.7354378078375353, 0.6732892727936844, -0.07623353102839896, 0.5524960334826234], [0.36782159928278246, 0.3022001481713734, -0.8794217621366417, 0.9178578383426848], [-0.5690679732746893, -0.6748010068680981, -0.46989905957406125, 0.7751365002606624], [0.0, 0.0, 0.0, 1.0]], [[-0.7328297565560321, 0.6757839862130701, -0.0792243928915, 0.5548240085414505], [0.36814935285454975, 0.2958929443943466, -0.8814265995690631, 0.9256298756203102], [-0.5722116581556895, -0.6751018871384863, -0.46562873896344587, 0.7660109304723731], [0.0, 0.0, 0.0, 1.0]], [[-0.7306534271843146, 0.6779076322734485, -0.08115068186380336, 0.5549374687150744], [0.3672179726060551, 0.28999713052076687, -0.8837714357697923, 0.9324769522784233], [-0.5755822920265073, -0.6755308887341687, -0.4608274081297394, 0.7560018127040133], [0.0, 0.0, 0.0, 1.0]], [[-0.7280117907746732, 0.6806209176650888, -0.08217839185475236, 0.5540102815299782], [0.36888748161544416, 0.28786660213395227, -0.8837728436035907, 0.9404262830881966], [-0.5778580014185493, -0.6737121726361001, -0.46064341975040113, 0.7514022477292062], [0.0, 0.0, 0.0, 1.0]], [[-0.7236753476168089, 0.6852979447001016, -0.08161710986126981, 0.5520204635710521], [0.37053123905421115, 0.28603794438840163, -0.8836787194509415, 0.9451823897213601], [-0.5822370850440206, -0.6697380842608994, -0.4609236883791098, 0.7479750779590947], [0.0, 0.0, 0.0, 1.0]], [[-0.717647834225779, 0.6919184575514482, -0.07893211415181386, 0.5473653766493224], [0.3705322180128792, 0.2834065421932229, -0.8845265692815967, 0.9476797681946768], [-0.589650346305824, -0.6640253756959085, -0.4597641010287786, 0.7437053824313145], [0.0, 0.0, 0.0, 1.0]], [[-0.7067262017628326, 0.7035491657955514, -0.0745398712454136, 0.5453029105227704], [0.3735946746710536, 0.28164428844722944, -0.8838001556071386, 0.9507590509759574], [-0.6008036060463797, -0.652452669461753, -0.46188759325122586, 0.7465951075542787], [0.0, 0.0, 0.0, 1.0]], [[-0.6965585847035677, 0.7138839834795465, -0.07194184534282505, 0.5395707673425001], [0.37694158230680863, 0.2787795465084169, -0.883287104634224, 0.9536994055680358], [-0.6105093445890539, -0.6423793645207576, -0.4632790601002681, 0.7480459060532999], [0.0, 0.0, 0.0, 1.0]], [[-0.684703721121379, 0.7254204772710134, -0.07032286102814482, 0.5348265256129968], [0.3797451451927259, 0.27273786868846694, -0.8839722805364489, 0.9576306813535546], [-0.622071817426833, -0.6319645541544712, -0.4622194121874245, 0.7472582924823059], [0.0, 0.0, 0.0, 1.0]], [[-0.6758937934103555, 0.734185762626667, -0.06433884162398672, 0.5240544333333027], [0.3764509460105882, 0.2688694252358912, -0.8865627813278503, 0.9621219187764496], [-0.6336030256220231, -0.6234424377162016, -0.4581123047778521, 0.7408148381565279], [0.0, 0.0, 0.0, 1.0]], [[-0.6638162238006192, 0.7452141509865009, -0.06326883372254691, 0.5230522878210045], [0.37974080223806395, 0.26296208972608376, -0.8869309514196344, 0.9652744636756951], [-0.6443169347563622, -0.6127861100251993, -0.45754775259085717, 0.7405604105917887], [0.0, 0.0, 0.0, 1.0]], [[-0.6520184308536137, 0.7556481637492067, -0.062193111760359084, 0.5213092235132476], [0.3825322782359213, 0.2570296150689106, -0.8874709831086681, 0.9678492406173093], [-0.6546296517848157, -0.602438542954038, -0.4566477088476357, 0.739414345496217], [0.0, 0.0, 0.0, 1.0]], [[-0.6389587327804049, 0.7667732007162338, -0.06156868677965996, 0.5237811161894433], [0.38415243969169044, 0.24872385996861396, -0.8891367219506658, 0.9686884657942963], [-0.6664513991716412, -0.5917738678755747, -0.4534817459465554, 0.7360744918979245], [0.0, 0.0, 0.0, 1.0]], [[-0.6272737978997613, 0.7761512761905804, -0.06416067132874732, 0.5282678728729001], [0.3894365588819653, 0.24125703746935873, -0.8888950111453853, 0.9714451260524318], [-0.6744378767320167, -0.5825669542979066, -0.45359553522401064, 0.7352393274061024], [0.0, 0.0, 0.0, 1.0]], [[-0.6155328731740322, 0.7853938959093574, -0.06538565828706547, 0.5338566642764502], [0.39134227081682, 0.23257891865954072, -0.8903693473329833, 0.9743166052611048], [-0.6840840659458995, -0.5736398037033471, -0.45051815368614284, 0.7321038722610205], [0.0, 0.0, 0.0, 1.0]], [[-0.6046812337143442, 0.7936720079012021, -0.06667654497286843, 0.5402872970150957], [0.392206780301693, 0.2238573239928182, -0.8922230559546808, 0.9760293129507804], [-0.6932057591935137, -0.5656612208676954, -0.4466451649802997, 0.7284839945013281], [0.0, 0.0, 0.0, 1.0]], [[-0.5949593967807334, 0.8007404433406906, -0.06955587977769448, 0.5504783233748937], [0.39411846879737433, 0.21522201795679613, -0.8935047831105584, 0.9772173098275503], [-0.7004948381016944, -0.5590118801921194, -0.44363484182638024, 0.7248501696608787], [0.0, 0.0, 0.0, 1.0]], [[-0.5878526533424235, 0.8057261202641914, -0.07235323084459673, 0.561571682380951], [0.39304464536011796, 0.20629644674483003, -0.8960795444758793, 0.9799527864647416], [-0.7070681429323469, -0.5552007628177488, -0.43795744010681265, 0.7178576281793047], [0.0, 0.0, 0.0, 1.0]], [[-0.5834357628561221, 0.8085009633197354, -0.07700029726012593, 0.5763564501016364], [0.3946324661302415, 0.19935391689137402, -0.8969521697077689, 0.9817185111498584], [-0.7098355793576764, -0.5537012539631057, -0.43537106189261027, 0.7133046788354908], [0.0, 0.0, 0.0, 1.0]], [[-0.5819985907104822, 0.8089078463677399, -0.08334240581895344, 0.5918912586949929], [0.39423353854162335, 0.1910285739301244, -0.8989367673308424, 0.9801685371081666], [-0.7112358668075677, -0.5560368280447557, -0.4300777683999639, 0.7019739127538508], [0.0, 0.0, 0.0, 1.0]], [[-0.5825071001553522, 0.8079227708033448, -0.08913474208798167, 0.6126036424468972], [0.3949550930302069, 0.18549197846743867, -0.8997797022471489, 0.9840901702856877], [-0.7104187599179185, -0.559331689421457, -0.42714443651436623, 0.6963541981267495], [0.0, 0.0, 0.0, 1.0]], [[-0.5848513099952061, 0.8058932428161822, -0.0921099390907164, 0.6300489511291562], [0.3898026415085424, 0.17965474221264227, -0.9032037453638365, 0.9900594320818726], [-0.7113387784673222, -0.5641452348243918, -0.4192104087893926, 0.6844275597681967], [0.0, 0.0, 0.0, 1.0]], [[-0.587651270094869, 0.8035277254664228, -0.0949135866453652, 0.6486918087128014], [0.3867715019571949, 0.17593467479866526, -0.9052377572254175, 0.9971890194599844], [-0.7106843303926189, -0.568674226085699, -0.41416991842302203, 0.6762134339781826], [0.0, 0.0, 0.0, 1.0]], [[-0.5925601229445946, 0.799915359742815, -0.09490918571839004, 0.6647312202588195], [0.3803339935288259, 0.17397033605260515, -0.9083395327208642, 1.0056497686041683], [-0.7100824422864207, -0.5743432311888063, -0.40732303670678105, 0.6647381057595911], [0.0, 0.0, 0.0, 1.0]], [[-0.5975185113901647, 0.7965054011434578, -0.09247000132190263, 0.6781590203176402], [0.37224133367560136, 0.17339157905252853, -0.9117955714948083, 1.014425753858809], [-0.7102168282487249, -0.5792360419036254, -0.40009733657358965, 0.6547219567399437], [0.0, 0.0, 0.0, 1.0]], [[-0.6005895816180822, 0.7940596895846502, -0.09360282366327306, 0.6938846384790293], [0.3718571685523828, 0.17376398234380072, -0.9118813376607927, 1.0234647403528743], [-0.7078227595115745, -0.5824736808607333, -0.39963746427478797, 0.6512599948503089], [0.0, 0.0, 0.0, 1.0]], [[-0.6020122762015804, 0.7930327987829564, -0.09316284679521504, 0.7096786726249369], [0.36647715345836357, 0.17075569237899563, -0.9146236896949413, 1.0274202495506188], [-0.7094181124707937, -0.5847569022369214, -0.39342568142540485, 0.6429950930982133], [0.0, 0.0, 0.0, 1.0]], [[-0.6044575887009536, 0.7908052152385094, -0.09621496166578322, 0.7266458214867597], [0.36425657573242687, 0.16694936660866314, -0.9162127195424992, 1.0347713603543724], [-0.7084822964961206, -0.5888586185655182, -0.3889698158363229, 0.6347246180236288], [0.0, 0.0, 0.0, 1.0]], [[-0.6071236066661266, 0.788294383998399, -0.09996125419728645, 0.743960419111736], [0.36069236038974084, 0.1613077424329414, -0.9186293450652182, 1.0419967362491824], [-0.7080256684582854, -0.593777177018194, -0.38226600799423377, 0.6252204243238622], [0.0, 0.0, 0.0, 1.0]], [[-0.6035720265133513, 0.7909702702730074, -0.1003340647924956, 0.7668181744397854], [0.35808337103636856, 0.15648309602991256, -0.9204832771306668, 1.047344931629863], [-0.7123740604886625, -0.5915061898117303, -0.3776824777459399, 0.6197617587926015], [0.0, 0.0, 0.0, 1.0]], [[-0.607481877088378, 0.7880577020232636, -0.09965640444678796, 0.7779350303000926], [0.3510323721038152, 0.15379411384508013, -0.923646547898158, 1.055331395884724], [-0.712560316957078, -0.5960805116548274, -0.3700613637534377, 0.6072145641007192], [0.0, 0.0, 0.0, 1.0]], [[-0.6121315541657176, 0.7846957138827471, -0.0977154849359801, 0.7867527253251856], [0.3429283145779378, 0.1520824215979863, -0.9269684588097279, 1.066196140422496], [-0.7125271115928242, -0.6009355114272283, -0.3621885427086021, 0.5952933064050779], [0.0, 0.0, 0.0, 1.0]], [[-0.6180790677543949, 0.780431425390