[[[0.9770157704748413, 0.20855234264159672, -0.04411585760376466, 0.30444569973245106], [0.031702439356911506, -0.3468108426177595, -0.9373995785624963, 1.132036516252184], [-0.21079650277752154, 0.9144557170512417, -0.34545089544116747, 1.056543982250224], [0.0, 0.0, 0.0, 1.0]], [[0.9767375372151624, 0.21030160394582084, -0.04192075659249879, 0.2993577051975944], [0.03266322563082603, -0.33911528522334217, -0.9401770118621328, 1.152602757854167], [-0.21193702511930212, 0.9169368377375022, -0.33809597659945606, 1.0488200687573843], [0.0, 0.0, 0.0, 1.0]], [[0.9755826529748083, 0.2161298269254932, -0.039073822614076006, 0.293675379953618], [0.03470974106687885, -0.3273870203656121, -0.9442521970183467, 1.1775471951724525], [-0.21687298280475756, 0.9198400687805064, -0.32689475110972205, 1.0353736108552245], [0.0, 0.0, 0.0, 1.0]], [[0.9749998615759968, 0.2189248869406258, -0.03804383473127993, 0.29175510843334784], [0.03506931085239399, -0.3206705377433203, -0.9465417232212389, 1.184183228779877], [-0.2194212714265341, 0.921543756512267, -0.3203315043249903, 1.0252410509823535], [0.0, 0.0, 0.0, 1.0]], [[0.9744317603909082, 0.2215694135283958, -0.037281484488040154, 0.2894697940566113], [0.03640555697320982, -0.31943620929796807, -0.9469084820943389, 1.1891260901967518], [-0.2217153711095934, 0.9213401324588745, -0.3193350391668024, 1.0228348891350953], [0.0, 0.0, 0.0, 1.0]], [[0.9741173119914354, 0.2231703022377554, -0.0359262317082095, 0.2863053099773237], [0.03822562978546788, -0.31928320604620114, -0.9468879909186738, 1.1889797200423433], [-0.22278682111377376, 0.9210071041417044, -0.3195507377707709, 1.020849839719294], [0.0, 0.0, 0.0, 1.0]], [[0.9738098562966557, 0.22475670163727712, -0.03434251357307933, 0.2834452420572617], [0.04050814923885185, -0.320136964462625, -0.9465045192654784, 1.1894436778466373], [-0.2237280710413534, 0.9203240638177379, -0.32085731353527575, 1.0209415775619544], [0.0, 0.0, 0.0, 1.0]], [[0.973605762490101, 0.22567783175093808, -0.034083201196191945, 0.28443559713089345], [0.040828330416178456, -0.319134149635851, -0.9468292789895906, 1.1905519630880945], [-0.22455542171102713, 0.9204470090181934, -0.3199249074874305, 1.0196179302407973], [0.0, 0.0, 0.0, 1.0]], [[0.9730631590966217, 0.22784012539457207, -0.03516764375467703, 0.28668266662649583], [0.04009502021930864, -0.31747144168896635, -0.9474196441453773, 1.1967083974997546], [-0.2270253137731785, 0.9204896624646982, -0.3180548654033608, 1.0154902790508822], [0.0, 0.0, 0.0, 1.0]], [[0.9718154992302904, 0.2330934895576421, -0.03525007649761353, 0.28596786319127865], [0.04017794931092818, -0.31110411353605993, -0.949526362289705, 1.2071585867937296], [-0.23229474350507737, 0.921347377783626, -0.31170084832568584, 1.0066126465382028], [0.0, 0.0, 0.0, 1.0]], [[0.9707219184439124, 0.23680690003383736, -0.04027021829919531, 0.2905948893803808], [0.031886534219256794, -0.29320037054004916, -0.9555190450875902, 1.2120197694122599], [-0.23808014233772595, 0.9262589922670754, -0.29216754755342716, 0.9819857333498256], [0.0, 0.0, 0.0, 1.0]], [[0.970633835167517, 0.23712321895845667, -0.0405285862362717, 0.2894068739795282], [0.030959016141959752, -0.2902052012589534, -0.9564639954972314, 1.234154690873581], [-0.2385614072246303, 0.9271208289642902, -0.2890244215122681, 0.978483899978776], [0.0, 0.0, 0.0, 1.0]], [[0.9705900843998818, 0.2369601193526414, -0.042486111025426675, 0.2910361621561648], [0.026624467187630074, -0.28105696586534307, -0.9593214662326193, 1.2450515182003727], [-0.23926165330413846, 0.9299772231352788, -0.27909977591459983, 0.9669391797621468], [0.0, 0.0, 0.0, 1.0]], [[0.9698639705017549, 0.23964405466205527, -0.043987128920247656, 0.2889616526169621], [0.023387150526477572, -0.2712674620335986, -0.9622199834627485, 1.2516037796702992], [-0.24252221070591756, 0.932194085849672, -0.268696061633212, 0.9524790187906159], [0.0, 0.0, 0.0, 1.0]], [[0.9694651117301111, 0.24150640510745522, -0.04257451974937196, 0.28756010238731833], [0.024157853001271812, -0.26682017247330386, -0.9634438136302689, 1.2589462163345415], [-0.24403774380645427, 0.9329956947481443, -0.26450790219647624, 0.9465579706278485], [0.0, 0.0, 0.0, 1.0]], [[0.9692709415686821, 0.24261644800459314, -0.040630089309791076, 0.2889349573199728], [0.025392581104492322, -0.2629609031606201, -0.964472730772951, 1.2637915957654637], [-0.24468153216907487, 0.9338032029861323, -0.2610404337912187, 0.9432271740185685], [0.0, 0.0, 0.0, 1.0]], [[0.9678224217501676, 0.2489710324355097, -0.036512124583672215, 0.28232269809487415], [0.03055819890782439, -0.260313060239872, -0.9650403827944497, 1.2699507212576633], [-0.24977189734014477, 0.9328723174426822, -0.25954394519201823, 0.9384974461228043], [0.0, 0.0, 0.0, 1.0]], [[0.9668271180451394, 0.2531774669903457, -0.03386406370593586, 0.27806077206008034], [0.03356913400848978, -0.2573655877844319, -0.9657307742943689, 1.2735404667756829], [-0.25321628465195434, 0.9325578921546755, -0.25732659595218105, 0.9338633003734954], [0.0, 0.0, 0.0, 1.0]], [[0.9663962393230324, 0.2550575282151878, -0.03201744287545961, 0.2752342181570371], [0.03586624953605731, -0.2571234653020784, -0.9657125147091351, 1.2768123043461133], [-0.25454459373623267, 0.9321123665586523, -0.25763101411208494, 0.9331303683797744], [0.0, 0.0, 0.0, 1.0]], [[0.9656545584571472, 0.2581251105245145, -0.029721655745564894, 0.27033492994031977], [0.03813157210194817, -0.2539360267689701, -0.9664692012160131, 1.2776346219244858], [-0.2570177142531319, 0.9321418479805303, -0.2550570677060085, 0.927027487171801], [0.0, 0.0, 0.0, 1.0]], [[0.964790179178745, 0.26152051578595764, -0.02805016301403628, 0.26718689400411244], [0.03920606477382723, -0.24844644757284612, -0.9678517417364491, 1.2693249163680584], [-0.2600820666745696, 0.9326740362488724, -0.24995178668044457, 0.9182192927703173], [0.0, 0.0, 0.0, 1.0]], [[0.9636599162493247, 0.26567501079407463, -0.027873418711216777, 0.26328016374821284], [0.041276154455122116, -0.25117879253231046, -0.9670595151146767, 1.265422474124764], [-0.26392541097656885, 0.9307666640352806, -0.25301665334949563, 0.9203279047104105], [0.0, 0.0, 0.0, 1.0]], [[0.9634371667958425, 0.26691176044267445, -0.023371727448501023, 0.25616094209034046], [0.04675906541792659, -0.2533878471970361, -0.9662342200452789, 1.2590148194776891], [-0.26382150035610247, 0.9298128302112002, -0.25660317304034086, 0.9223320033135068], [0.0, 0.0, 0.0, 1.0]], [[0.9636330627465287, 0.2665099177412857, -0.019591966215163598, 0.24953647938762852], [0.052167399932884884, -0.2595155559279609, -0.9643287406687919, 1.2553434142360524], [-0.26208717890760674, 0.9282369345675155, -0.2639810593850204, 0.929059371655534], [0.0, 0.0, 0.0, 1.0]], [[0.963899518473939, 0.2656648639650893, -0.01788707195502026, 0.2427213666539618], [0.055133423451036674, -0.2648562663388368, -0.9627098612130206, 1.2487784443023646], [-0.26049604696903156, 0.926969843898261, -0.2699419903004802, 0.9325251277010865], [0.0, 0.0, 0.0, 1.0]], [[0.9649558442961041, 0.2617593601572554, -0.018503079831302286, 0.23923055342574742], [0.05498786968173738, -0.27064693595292505, -0.9611070797658383, 1.2422097272299384], [-0.25658597328026383, 0.9264081755865169, -0.2755552243514051, 0.9389708544222555], [0.0, 0.0, 0.0, 1.0]], [[0.9649052258044235, 0.261956514270105, -0.018339009032614578, 0.2337419516680748], [0.05583302503035752, -0.2728955328451958, -0.9604222465025605, 1.2376309421116587], [-0.2565936393724396, 0.9256931357793267, -0.2779445718665223, 0.9384207670019703], [0.0, 0.0, 0.0, 1.0]], [[0.9652308190560445, 0.2608264847257867, -0.017323023859406945, 0.23015552609541465], [0.05751968722536748, -0.27657157970377694, -0.9592698456514315, 1.2338249492652855], [-0.25499422383075976, 0.9249207280485643, -0.2819574871072611, 0.9408263745479443], [0.0, 0.0, 0.0, 1.0]], [[0.9658599557805461, 0.2585198129537598, -0.01678267179181806, 0.22502817938758535], [0.05849443747358865, -0.28073213280786413, -0.9580018528079942, 1.2266945395550044], [-0.25237310883600095, 0.9243143367911743, -0.28627052156434724, 0.9413097942877159], [0.0, 0.0, 0.0, 1.0]], [[0.9679242722253331, 0.2505798271185719, -0.018235487410183, 0.22283309708863513], [0.05686361560711994, -0.28918798403439205, -0.9555817616294735, 1.2185817438303697], [-0.24472294639028228, 0.9238937487023952, -0.29416117345827586, 0.9477424218087254], [0.0, 0.0, 0.0, 1.0]], [[0.9706413010142035, 0.23910201424543004, -0.02619640796178592, 0.22297159921274745], [0.049594551355889416, -0.3055134468381846, -0.9508954537815705, 1.2078180526072915], [-0.23536520863751711, 0.9216783729158956, -0.30840266981731174, 0.9617014996057514], [0.0, 0.0, 0.0, 1.0]], [[0.9728523973998778, 0.22956943770858929, -0.02926373518187618, 0.21790473292035284], [0.04296126553221367, -0.3033947241088177, -0.9518958166375227, 1.18119436544241], [-0.22740479022809798, 0.9247964364572295, -0.30502108065799266, 0.9555875238537134], [0.0, 0.0, 0.0, 1.0]], [[0.9736628791240053, 0.22526722828044476, -0.0351395872721119, 0.21798058582127786], [0.03793498863456978, -0.312045669605437, -0.9493090192345478, 1.1707845525977256], [-0.22481329682854104, 0.9229748072931746, -0.312372340097565, 0.9591158537014376], [0.0, 0.0, 0.0, 1.0]], [[0.9738613473995562, 0.22458670123322408, -0.03398581134842695, 0.21351854245931956], [0.0396486168568352, -0.3153984386755798, -0.9481302122494643, 1.1572063639597978], [-0.22365685090588128, 0.9220001898965227, -0.31605917227804636, 0.9597965736364193], [0.0, 0.0, 0.0, 1.0]], [[0.9736838252874788, 0.22533318453733372, -0.03412702797609114, 0.21329376891981422], [0.042732861142443804, -0.32759898143638977, -0.9438500204564332, 1.144946519492844], [-0.22386108298022064, 0.9175530437270993, -0.3286068315904878, 0.9693894260461664], [0.0, 0.0, 0.0, 1.0]], [[0.97328432018574, 0.2272871809679585, -0.03253205323416084, 0.212109580608711], [0.04766121796041647, -0.3385984237495738, -0.9397233969462878, 1.1302567643161412], [-0.2246022246271103, 0.9130679083683801, -0.3403850859927139, 0.9782727611092735], [0.0, 0.0, 0.0, 1.0]], [[0.9732474925728504, 0.22799938852190915, -0.028367348943063257, 0.2069386687931793], [0.054405203277102125, -0.34864967053634904, -0.9356725562327534, 1.1161069760116635], [-0.2232231002672812, 0.9090983192235917, -0.35172663942365306, 0.9877422211447594], [0.0, 0.0, 0.0, 1.0]], [[0.9730578305599499, 0.22927139225904014, -0.02434082014117898, 0.1999380416595131], [0.0608740750921385, -0.35730097344863937, -0.9320037271322472, 1.106387971330601], [-0.2223787457489196, 0.9054121838820988, -0.36163181458262067, 0.9921179313221846], [0.0, 0.0, 0.0, 1.0]], [[0.9736256184369345, 0.22684093563481275, -0.02443009166132849, 0.19834199678029754], [0.061116949317235596, -0.36247639180272057, -0.9299871263329573, 1.097400069374916], [-0.2198147178229519, 0.9039658872508813, -0.36677909156362326, 0.99399560145288], [0.0, 0.0, 0.0, 1.0]], [[0.9740176773664108, 0.22524259327938762, -0.02356854087409634, 0.1951959050340121], [0.061496408285005535, -0.36320948829116867, -0.9296755915023325, 1.0945431370149634], [-0.21796280304501267, 0.9040715555991411, -0.36762406114567064, 0.9904547642883221], [0.0, 0.0, 0.0, 1.0]], [[0.9757562476474176, 0.2183225042321507, -0.01535515680718624, 0.18801672355965943], [0.06762896308241632, -0.3674929045733384, -0.9275644276809325, 1.1042575041133176], [-0.20815145305507063, 0.9040381801567957, -0.37334832587770456, 0.9962407610711079], [0.0, 0.0, 0.0, 1.0]], [[0.9775816282149267, 0.21024993392283414, -0.01139142319968366, 0.17985817302107995], [0.06729900294013444, -0.3632603294045391, -0.9292536615550581, 1.1045910930255591], [-0.19951335894755523, 0.907655070174808, -0.3692664861743254, 0.9863771481607945], [0.0, 0.0, 0.0, 1.0]], [[0.9792024150912582, 0.20271156115851882, -0.00841166613738309, 0.17290633092456542], [0.06705802355396538, -0.36249340518812295, -0.9295703240665385, 1.1061447967985607], [-0.1914845977360228, 0.9096735030802618, -0.368548014812893, 0.9814666202116374], [0.0, 0.0, 0.0, 1.0]], [[0.9806331314439668, 0.19575748006837068, -0.006143840711939462, 0.17025997619686392], [0.06627509307550634, -0.36119339152311425, -0.9301326510348833, 1.1037535585528857], [-0.18429962281217435, 0.9117121100738311, -0.36717173187943725, 0.9764478610263725], [0.0, 0.0, 0.0, 1.0]], [[0.9813196746947254, 0.19230210500256886, -0.005573785128854901, 0.17065589734729184], [0.06554945402058694, -0.3614576645498253, -0.9300810218459524, 1.1091523665677994], [-0.18087191279630596, 0.9123423355863185, -0.3673108476499877, 0.9724187748966795], [0.0, 0.0, 0.0, 1.0]], [[0.981941551956667, 0.18900165172085173, -0.008310731977849027, 0.17592468748686307], [0.060923959133002345, -0.3575042374059287, -0.9319224240321304, 1.1141746783910216], [-0.17910623555480748, 0.9145866268878949, -0.3625629759728959, 0.9641469076733667], [0.0, 0.0, 0.0, 1.0]], [[0.982204171820079, 0.18754687565399714, -0.010045635070801714, 0.17962338380887158], [0.057881348038535695, -0.35314888032498337, -0.933774989359783, 1.1167255067492554], [-0.17867432314320747, 0.9165758129616496, -0.35771928005324666, 0.9552139757952314], [0.0, 0.0, 0.0, 1.0]], [[0.9827993891999717, 0.18447170304860402, -0.008692681108566597, 0.18220052590480001], [0.057556987405503635, -0.35068544154328657, -0.9347230419326922, 1.1155712236634212], [-0.17547824683005572, 0.9181450777934788, -0.35527053232983435, 0.9487186742866475], [0.0, 0.0, 0.0, 1.0]], [[0.9831263595527104, 0.1828650102957702, -0.004737826394386378, 0.18009575480838796], [0.061703004927868774, -0.35589094847381414, -0.932488341667318, 1.1140340123502028], [-0.1722057107634909, 0.9164618899785658, -0.361169877353453, 0.9514503133029186], [0.0, 0.0, 0.0, 1.0]], [[0.9835342728777998, 0.18071568765327137, -0.0016065492473837926, 0.18006055762146492], [0.06452503780230665, -0.3594507806370577, -0.9309302539159338, 1.1064194389664956], [-0.1688118270143561, 0.9154980094338552, -0.3651920657491941, 0.9537080063073055], [0.0, 0.0, 0.0, 1.0]], [[0.9839583379360102, 0.1783465299210458, 0.004238320888191039, 0.18042883816923183], [0.07121913096128847, -0.3709143819814556, -0.9259323203807452, 1.1016485445605655], [-0.16356535397609795, 0.9113807080255794, -0.3776661613250091, 0.9658221753690986], [0.0, 0.0, 0.0, 1.0]], [[0.9847652577098569, 0.1738784348859078, 0.0019489235753646298, 0.1930024248364808], [0.06797499929898429, -0.37461294533932965, -0.9246864840626581, 1.079796691814944], [-0.16005311632938232, 0.9107314598296304, -0.3807250780641896, 0.9663360114476666], [0.0, 0.0, 0.0, 1.0]], [[0.9855859692161824, 0.16902719579397774, -0.007143939855862981, 0.21208694207823878], [0.0597246200625953, -0.38713634162196003, -0.9200860958351477, 1.0638397115561142], [-0.1582858538315834, 0.9063967607151024, -0.3916513123191105, 0.9740453261678734], [0.0, 0.0, 0.0, 1.0]], [[0.986428916542752, 0.16345142462949397, -0.015563974621064808, 0.22749733253979373], [0.05139901038172107, -0.3974336956133144, -0.9161903646710591, 1.0498995209526594], [-0.15593817560814308, 0.9029565394428368, -0.4004417931506018, 0.9798641732857865], [0.0, 0.0, 0.0, 1.0]], [[0.9877695659297687, 0.15422319273804305, -0.022935151733340677, 0.24419616921285375], [0.04231381278248381, -0.4067287012947907, -0.9125682695148171, 1.0443801695068875], [-0.15006798418062028, 0.9004377903968994, -0.40827972523017814, 0.9836953800240108], [0.0, 0.0, 0.0, 1.0]], [[0.9891625708062363, 0.14351880888044477, -0.0309985647881572, 0.2592537437499065], [0.03096211049092202, -0.4102627466548907, -0.9114414083610035, 1.035129270785866], [-0.14352658909591348, 0.9006039067424122, -0.4102595801949058, 0.9838446360207804], [0.0, 0.0, 0.0, 1.0]], [[0.9903571301590491, 0.13329600473034142, -0.037761573877222926, 0.2726383939292004], [0.021397873171923005, -0.4164608795094843, -0.9089014965376447, 1.0274515668390836], [-0.13687901745893424, 0.8993292411775352, -0.41529723836859844, 0.986426864638229], [0.0, 0.0, 0.0, 1.0]], [[0.9927241846501127, 0.11227650293801418, -0.0435145560206775, 0.2919668720246198], [0.008065094597926429, -0.42255739658601743, -0.9063006235238893, 1.0281157986059832], [-0.12014328526258057, 0.8993552831599922, -0.42038843285159294, 0.9874282930390925], [0.0, 0.0, 0.0, 1.0]], [[0.9936035226407582, 0.10374262662101649, -0.044614600087368644, 0.29869663478662944], [0.002728049446384845, -0.4170046421166914, -0.908900704939653, 1.0346902410480905], [-0.11289649632057454, 0.9029642610900684, -0.41461981789940516, 0.9790595956547801], [0.0, 0.0, 0.0, 1.0]], [[0.9947093112630054, 0.09379189696192602, -0.04190338067333354, 0.301540103931919], [0.0008936432146621246, -0.41580113398435203, -0.9094553434769874, 1.0420130045250122], [-0.10272315232352035, 0.9046065597192219, -0.41368522265588814, 0.9770920542309768], [0.0, 0.0, 0.0, 1.0]], [[0.9956730663379842, 0.08240127890317175, -0.04296135353517501, 0.3052365999887596], [-0.004262865551226528, -0.4213265518751328, -0.9068986982755526, 1.0522049887525111], [-0.09283056688378129, 0.9031580544164598, -0.41915288907609066, 0.9820131434339316], [0.0, 0.0, 0.0, 1.0]], [[0.9964644005203821, 0.06927162867556738, -0.04753642841813562, 0.31594301734359626], [-0.013944154359330052, -0.42160846440292676, -0.9066705101511632, 1.0520177358218352], [-0.0828486273008581, 0.9041283415474949, -0.41915200856257817, 0.9809044075400287], [0.0, 0.0, 0.0, 1.0]], [[0.9969417352784732, 0.05867615677598258, -0.051619674569528054, 0.32689829911017537], [-0.021942552045245693, -0.42377672145603335, -0.9055011687020923, 1.0526149410385521], [-0.07500630972931052, 0.9038645953720509, -0.4211922568928786, 0.9807426879669935], [0.0, 0.0, 0.0, 1.0]], [[0.9972871300809869, 0.04771175754448485, -0.05606216131716504, 0.34034444879175946], [-0.03075324303005026, -0.42189393112221163, -0.9061230671935849, 1.052228185278856], [-0.066884959285729, 0.9053892127320611, -0.41928149783324126, 0.9780467498109107], [0.0, 0.0, 0.0, 1.0]], [[0.997453747443515, 0.04153251295533979, -0.05798477795819048, 0.3488471733662487], [-0.03526531252610483, -0.4194595832117091, -0.9070883237873001, 1.057302845926399], [-0.061995459679447175, 0.906822903397294, -0.41692663247756545, 0.9743424251511655], [0.0, 0.0, 0.0, 1.0]], [[0.9975609645408253, 0.03420569668665548, -0.06085389785310898, 0.35802303597493557], [-0.04112674558826838, -0.4164196128979938, -0.908241925539023, 1.05947724575129], [-0.05640750360410181, 0.9085288748264598, -0.41399656027612175, 0.969299616985481], [0.0, 0.0, 0.0, 1.0]], [[0.9976478561138814, 0.025335460890835704, -0.06369076433850404, 0.3655962055631786], [-0.047420693496711665, -0.4158278423597508, -0.9082066557790625, 1.060951130512597], [-0.04949481502599965, 0.9090910642831141, -0.4136481682735978, 0.9679839613225538], [0.0, 0.0, 0.0, 1.0]], [[0.9977504424095102, 0.01453066149933043, -0.06543976518709826, 0.37181117332562286], [-0.05353726945180383, -0.4147428091209073, -0.9083626230956523, 1.063583320257718], [-0.04033965358010738, 0.9098222924378, -0.41303224138987615, 0.9677821690852763], [0.0, 0.0, 0.0, 1.0]], [[0.9976439237813053, 0.003368160446657244, -0.06852391834267038, 0.38004997114013317], [-0.06099262788877509, -0.4137762815626551, -0.9083334129907876, 1.065051378398778], [-0.031413139160572125, 0.9103720136264153, -0.41259550019226016, 0.967922961159333], [0.0, 0.0, 0.0, 1.0]], [[0.99730279502469, -0.008137987278122137, -0.07294861797582626, 0.3901921239209461], [-0.0698215643530414, -0.41172983778180094, -0.9086277208959787, 1.0600152681283372], [-0.022640515721679265, 0.9112702911573782, -0.4111872799026939, 0.9666812713207567], [0.0, 0.0, 0.0, 1.0]], [[0.9971201596101816, -0.016707142477910646, -0.07398273658362889, 0.39717209369586776], [-0.07422144951711963, -0.4157096313854771, -0.9064639661310313, 1.059690091643476], [-0.015609958901446373, 0.9093446167883881, -0.4157518342354834, 0.9743657154570039], [0.0, 0.0, 0.0, 1.0]], [[0.9966901053384445, -0.02240217759423525, -0.07814612907136846, 0.4035149018462638], [-0.08040816904622852, -0.41315446249071736, -0.9071043792282134, 1.0548656803401597], [-0.011965466109432573, 0.9103859544122624, -0.41358835793630244, 0.9717038366225363], [0.0, 0.0, 0.0, 1.0]], [[0.9966308013210163, -0.030413854101467918, -0.07617573080162632, 0.40518194819014397], [-0.08193021778189581, -0.41333708581024015, -0.9068848733374373, 1.0535856517771292], [-0.003904251484656606, 0.9100705749863743, -0.41443539937127466, 0.9729218410146941], [0.0, 0.0, 0.0, 1.0]], [[0.9964520754914709, -0.03948533460374097, -0.07432641667002544, 0.4016697999857931], [-0.08401312422762303, -0.4137435360311758, -0.9065085567284707, 1.0529908725268475], [0.005041855409989472, 0.9095366514093773, -0.4155925994345377, 0.9737637205463417], [0.0, 0.0, 0.0, 1.0]], [[0.9963126831953302, -0.04977004669244805, -0.06988754136989167, 0.399282085767286], [-0.0842515463889602, -0.41359321300753754, -0.9065555336216028, 1.0533428487979715], [0.01621424093578732, 0.9091009594250802, -0.41626123421110844, 0.9761162986201837], [0.0, 0.0, 0.0, 1.0]], [[0.9961342225493324, -0.057545062282205524, -0.06637770358159222, 0.3940394610997571], [-0.08431341602753346, -0.4140376965370238, -0.9063464129826041, 1.0528077577712025], [0.024673102458793048, 0.9084388763840173, -0.4172878470894674, 0.977112494742167], [0.0, 0.0, 0.0, 1.0]], [[0.9960946742901372, -0.06376696834493092, -0.06106545590702548, 0.38948995407685827], [-0.08216768719557643, -0.41647103715151074, -0.9054285933497609, 1.0526750374484017], [0.032304023472898645, 0.9069102087868172, -0.4200841677272882, 0.9800809889152295], [0.0, 0.0, 0.0, 1.0]], [[0.9957251516200921, -0.07241767043912971, -0.05734310465754345, 0.3869196911623295], [-0.0825091565342274, -0.4181748693093464, -0.9046114808580932, 1.0539706213523028], [0.0415305016582684, 0.9054759929909826, -0.4223613237640254, 0.982752691830537], [0.0, 0.0, 0.0, 1.0]], [[0.9954323084830892, -0.07905999179125882, -0.053519480239554516, 0.38098678765642713], [-0.08177786210775856, -0.41681162009770256, -0.9053065703931695, 1.0567837145489105], [0.04926639650258109, 0.9055485022924277, -0.421373262202681, 0.9816463652020543], [0.0, 0.0, 0.0, 1.0]], [[0.9949140919792588, -0.08663757145557226, -0.051386490505927786, 0.3770314268656238], [-0.08295263303952814, -0.4152842774853117, -0.9059014138632675, 1.0594994565060323], [0.057144739927624866, 0.905556684707325, -0.4203585501697599, 0.9790151023766073], [0.0, 0.0, 0.0, 1.0]], [[0.9945366271848669, -0.09400113733706249, -0.04539223408761637, 0.3702082655730926], [-0.08094361923156158, -0.41987388704936623, -0.903965013855684, 1.0669235049341554], [0.06591485932397666, 0.9027011936020719, -0.4251895462846586, 0.9841551247746234], [0.0, 0.0, 0.0, 1.0]], [[0.9939176162837227, -0.1011178963299557, -0.043618929538992705, 0.36662798725741297], [-0.08243990056872824, -0.4205760629153568, -0.9035041893775161, 1.0696387312179236], [0.07301466270083609, 0.9016050460091595, -0.4263539058485809, 0.9818620559101419], [0.0, 0.0, 0.0, 1.0]], [[0.9934119668281998, -0.10688493565890204, -0.041345158530064464, 0.36209394230877], [-0.08283243909094372, -0.42034410975624104, -0.9035760935064745, 1.0740312632841054], [0.0791992697841761, 0.9010477899713965, -0.4264281711200206, 0.9794791927407321], [0.0, 0.0, 0.0, 1.0]], [[0.9925551642510929, -0.11413714484160704, -0.04250109420979611, 0.36261895190576277], [-0.08663245878259844, -0.4163534951378001, -0.9050661807146304, 1.077264882323381], [0.08560602801115355, 0.9020100468006044, -0.4231417185727766, 0.9721027785947981], [0.0, 0.0, 0.0, 1.0]], [[0.9914793869390903, -0.12268950989966942, -0.04377437447861554, 0.3665179787675195], [-0.09129687446423998, -0.41478022405735243, -0.9053298700997002, 1.0822681018185152], [0.09291764570428629, 0.9016127250334147, -0.42244714540335626, 0.9676249597655429], [0.0, 0.0, 0.0, 1.0]], [[0.9905315809964563, -0.12815621557243076, -0.0492238046873616, 0.3730066526283004], [-0.09837242822112856, -0.41248708842566206, -0.9056356140580141, 1.083324219466773], [0.09575932601637184, 0.9019034274391617, -0.42118843572176917, 0.9603052249523307], [0.0, 0.0, 0.0, 1.0]], [[0.9894498156954943, -0.13398076173866563, -0.05512276930641073, 0.38347303187852005], [-0.10629174524244374, -0.41279844910915264, -0.9045994515654516, 1.0816575790313259], [0.0984445915005118, 0.9009149904284266, -0.4226839989770988, 0.9552143804890507], [0.0, 0.0, 0.0, 1.0]], [[0.9883524333811953, -0.13929191869441368, -0.061296131301534905, 0.39186941760328053], [-0.11437876305294083, -0.41422991465370024, -0.9029570216579096, 1.0823352401047062], [0.10038405780230861, 0.8994511140442848, -0.4253366834547197, 0.9504129449809543], [0.0, 0.0, 0.0, 1.0]], [[0.9865097013754395, -0.1484075360394673, -0.06909591035054093, 0.40203397123008017], [-0.12524025706967518, -0.4123877732980598, -0.9023584033029892, 1.084611192521548], [0.1054222829285036, 0.898839441941198, -0.4254110084890539, 0.9422591086063474], [0.0, 0.0, 0.0, 1.0]], [[0.9847179570547535, -0.15614355198717042, -0.07713060234181467, 0.4128894375464787], [-0.13559282642386902, -0.4094525335181402, -0.9021994879815987, 1.0854481507304505], [0.10929085358003335, 0.8988709645091513, -0.4243670305496495, 0.9325258294159078], [0.0, 0.0, 0.0, 1.0]], [[0.9827656814606128, -0.16438515022915393, -0.08455268498115504, 0.4210936997062312], [-0.1458288226612185, -0.4083352634843671, -0.9011079821519093, 1.083649571381483], [0.11360283559829934, 0.8979091836961467, -0.4252693680199954, 0.9227311655906651], [0.0, 0.0, 0.0, 1.0]], [[0.9807840074639975, -0.17061465700059616, -0.09461978634564691, 0.4260984186729627], [-0.15788499316355745, -0.4092188558185254, -0.8986722966196402, 1.0840225344598788], [0.11460658398579994, 0.8963431474724035, -0.4282921901499978, 0.913775813554042], [0.0, 0.0, 0.0, 1.0]], [[0.9778168908454972, -0.18204183754994482, -0.10361095188573603, 0.437176174714846], [-0.17067129210198045, -0.4056657083834385, -0.8979457551146104, 1.0867453025197114], [0.12143242135432178, 0.8957100571625078, -0.42773572166481877, 0.9023676799363513], [0.0, 0.0, 0.0, 1.0]], [[0.9751320163116365, -0.19359724658090988, -0.10787979260177258, 0.4426651363347191], [-0.1793966806304687, -0.40368556510815795, -0.8971372991120656, 1.096086535234377], [0.13013340574091853, 0.8941808915641737, -0.42837702038302594, 0.892168578452268], [0.0, 0.0, 0.0, 1.0]], [[0.9717375460259282, -0.2061388665931932, -0.11503754030724642, 0.45279139117685674], [-0.19002884385777638, -0.39395181017856856, -0.8992721810933615, 1.102432431555817], [0.14005553785712802, 0.895717488544736, -0.42198922810328376, 0.8740266753020058], [0.0, 0.0, 0.0, 1.0]], [[0.9691041254314303, -0.21590941831393498, -0.11924766517045918, 0.45575706913779307], [-0.19738565791545842, -0.3889629353861315, -0.8998590605965, 1.1072928566641438], [0.1479056289099782, 0.8955960209829379, -0.4195622115281533, 0.8594593208210928], [0.0, 0.0, 0.0, 1.0]], [[0.9667448525603964, -0.22622836363999568, -0.11927062213366602, 0.45749816469739174], [-0.20216317502725822, -0.3903687478929483, -0.8981877858052579, 1.109988393014099], [0.15663594590880878, 0.8924314936612261, -0.4231216634513373, 0.8524406002652585], [0.0, 0.0, 0.0, 1.0]], [[0.9640765252798813, -0.23553117534946938, -0.12280645958928069, 0.46236483865672234], [-0.20965450380857711, -0.3908424176423825, -0.896263233673177, 1.109068663263206], [0.16309986979023128, 0.8898134478099894, -0.4261816137603107, 0.8442265368242042], [0.0, 0.0, 0.0, 1.0]], [[0.9618735979230572, -0.24488355905538203, -0.12178625328751971, 0.4644312355959303], [-0.21315598248743245, -0.3922343383737942, -0.894827372820923, 1.1121937089352327], [0.1713596587033719, 0.8866709299695542, -0.42947846220417646, 0.8375276623310567], [0.0, 0.0, 0.0, 1.0]], [[0.960215255671665, -0.25209194919285477, -0.12015413653643836, 0.46374684752128287], [-0.21498945333760905, -0.3926972985899924, -0.8941859405824782, 1.1175851197975342], [0.1782333045629548, 0.8844422247271652, -0.43127047822115727, 0.8276002637590973], [0.0, 0.0, 0.0, 1.0]], [[0.9572136305409891, -0.2656471758240147, -0.1147736348444457, 0.46426492162337785], [-0.2157965868637276, -0.39101718837618177, -0.894727191125906, 1.122011552840845], [0.19280237467290784, 0.8812139946652898, -0.43161234849891933, 0.8195566519901273], [0.0, 0.0, 0.0, 1.0]], [[0.9529381879034613, -0.2822001039663725, -0.11077821139531753, 0.459453428702376], [-0.21970945556358837, -0.3910758521466876, -0.8937490476284691, 1.1292424181270253], [0.2088938572695611, 0.8760268406306275, -0.434673636800889, 0.8145971480091871], [0.0, 0.0, 0.0, 1.0]], [[0.9478803459026752, -0.3007900246656486, -0.10511188023543264, 0.45229521567202025], [-0.22182514012633334, -0.38615033113244657, -0.8953667045724648, 1.1396573815292748], [0.2287278971800444, 0.8720173787633904, -0.43274633878862045, 0.8040488658790484], [0.0, 0.0, 0.0, 1.0]], [[0.9432943778425277, -0.3156850597577047, -0.10266221327310754, 0.44570286001245896], [-0.22446048989306963, -0.3787112730940688, -0.8978837786660068, 1.146152035632511], [0.24456953500760198, 0.8700116851064376, -0.4280942621081943, 0.7894244936837372], [0.0, 0.0, 0.0, 1.0]], [[0.9389633060781907, -0.32873331145747925, -0.10139916220063497, 0.4467294697900431], [-0.2284584586519456, -0.3754853499272902, -0.8982306339424844, 1.1465344535723196], [0.25720428892885533, 0.8665707238861521, -0.42766841652273146, 0.7810209209937937], [0.0, 0.0, 0.0, 1.0]], [[0.9359679601244584, -0.336002788586892, -0.105193940722315, 0.4516512893961649], [-0.23513567970121205, -0.37414475862769403, -0.8970654905235789, 1.1425086621242433], [0.26205867288339363, 0.8643597519669904, -0.42919350521589733, 0.7736741864194585], [0.0, 0.0, 0.0, 1.0]], [[0.9335348107524504, -0.3416824422952782, -0.10847638282819067, 0.456550645560614], [-0.24203866427621565, -0.3775293385684315, -0.8938059621856828, 1.1391567211026639], [0.2644442744029683, 0.8606538460276146, -0.4351360239625517, 0.7702335124576374], [0.0, 0.0, 0.0, 1.0]], [[0.9302633318396468, -0.350100944116647, -0.10972676471122912, 0.4570613855212389], [-0.24881522930021094, -0.3822108482215936, -0.8899474051513322, 1.1336409773435874], [0.269632392424251, 0.855186684431751, -0.44266680804378494, 0.7720467947394257], [0.0, 0.0, 0.0, 1.0]], [[0.9262218237931925, -0.36120013607669554, -0.10792091435537447, 0.45407568786805536], [-0.25516206630197263, -0.38995190744583474, -0.884776423294557, 1.130831288708857], [0.27749768299089944, 0.8470367261716443, -0.45334641572253775, 0.7773806434356801], [0.0, 0.0, 0.0, 1.0]], [[0.9210118641258502, -0.3749717150280623, -0.10551642032497147, 0.44963077200526275], [-0.26105404399708626, -0.3931073645500324, -0.881656035567041, 1.1314486433427986], [0.28911662147419637, 0.8395616793660521, -0.45994488499181385, 0.7799163044528945], [0.0, 0.0, 0.0, 1.0]], [[0.9158211162460813, -0.38858698425070615, -0.10134832314536642, 0.44431343140377544], [-0.26406791850091593, -0.3925821831082987, -0.880992816067325, 1.1373384182700748], [0.3025547771853412, 0.8335950309008949, -0.4621483315584588, 0.7791284925294504], [0.0, 0.0, 0.0, 1.0]], [[0.9111271265206748, -0.3993167505591693, -0.10194724201019306, 0.4470144379370595], [-0.2689560881085874, -0.3886994636935689, -0.881235338765406, 1.1392369677653704], [0.3122649861163675, 0.8303373971293824, -0.4615534093849553, 0.772766572434616], [0.0, 0.0, 0.0, 1.0]], [[0.9072187593667054, -0.40725398858184786, -0.10534976434833161, 0.4530976047276789], [-0.275622248221248, -0.38629022457641127, -0.8802342019212505, 1.1364083018481717], [0.31778284098971443, 0.8276015672920605, -0.462697991306895, 0.7678926541081228], [0.0, 0.0, 0.0, 1.0]], [[0.9036261002778042, -0.4134598222273371, -0.11185506135853243, 0.46175190534472826], [-0.28572840491722395, -0.38733029858731166, -0.8765468861944019, 1.1340221198822877], [0.31909171997719504, 0.8240303833926484, -0.468138541456057, 0.7690708390268824], [0.0, 0.0, 0.0, 1.0]], [[0.899944023109516, -0.4197432801560998, -0.11797035551409786, 0.4715205245116869], [-0.2939577797117547, -0.3842878239070749, -0.8751638077257274, 1.1326097724992428], [0.3220101058714569, 0.8222767460356384, -0.46922403486506087, 0.7628391232840365], [0.0, 0.0, 0.0, 1.0]], [[0.8963252272239284, -0.42621203795216983, -0.12225086307292814, 0.47472886068427056], [-0.30089550575966567, -0.38217294842167127, -0.8737312712114433, 1.1305490015858373], [0.32567390571452015, 0.8199321447868462, -0.47079570485409594, 0.7583511480062551], [0.0, 0.0, 0.0, 1.0]], [[0.8900862902966186, -0.43829437425403966, -0.12507619418276109, 0.47906104080055734], [-0.30987572925494883, -0.38066774776224177, -0.8712456335108243, 1.127289626322468], [0.3342495781371244, 0.8142425896483688, -0.47464351539812033, 0.7580236629682128], [0.0, 0.0, 0.0, 1.0]], [[0.8826287197942618, -0.4528644428832029, -0.12602162851303533, 0.4814987849349185], [-0.31793278900071636, -0.3776446549340787, -0.869657087216903, 1.1254690046525921], [0.3462449645648508, 0.8076508435629378, -0.4772999263678369, 0.7553028356265603], [0.0, 0.0, 0.0, 1.0]], [[0.8751471353102558, -0.4674319949746147, -0.12500130521731256, 0.4825796464127139], [-0.3241440298126741, -0.374567659000584, -0.8686939280217367, 1.1209021004706725], [0.359234401805211, 0.8007539619319345, -0.4793164336803889, 0.7551318414968535], [0.0, 0.0, 0.0, 1.0]], [[0.8684332376110497, -0.4804334551246752, -0.12250422752736258, 0.48061101486451874], [-0.32886614325338454, -0.3732638974396975, -0.8674800863885043, 1.1195096993125189], [0.37104043033879697, 0.7936360154091793, -0.48215217321200576, 0.7547188429303829], [0.0, 0.0, 0.0, 1.0]], [[0.8602373212227696, -0.4961691328754471, -0.1175064861101458, 0.4786742508601915], [-0.33147055464808534, -0.3690557662266108, -0.8682886523150184, 1.1234841228654375], [0.3874523847467398, 0.7858843973200037, -0.48194031471318327, 0.7501063365011785], [0.0, 0.0, 0.0, 1.0]], [[0.8533039732613658, -0.5095865524305386, -0.11042579302877827, 0.47018581991104136], [-0.3293981784252939, -0.36267275793092796, -0.8717597399231011, 1.128907479056138], [0.40418845943482745, 0.7802506426537951, -0.4773267821209244, 0.7423304084921749], [0.0, 0.0, 0.0, 1.0]], [[0.8441868566044768, -0.5262919416579799, -0.10181259392485094, 0.46230595883773973], [-0.3275764884988639, -0.35614430958167576, -0.8751316809715447, 1.1347385989833714], [0.424314280905158, 0.7721255065384754, -0.4730533180730703, 0.7356941369063009], [0.0, 0.0, 0.0, 1.0]], [[0.8343552014765472, -0.543254438641668, -0.0934170211074999, 0.45833337081525727], [-0.3274403912960819, -0.35212323956078295, -0.8768078485606512, 1.1373046645804332], [0.443435884903081, 0.7621574700747749, -0.47167909968099736, 0.7319215889558588], [0.0, 0.0, 0.0, 1.0]], [[0.8238176262873533, -0.5594330536150306, -0.09143839349473434, 0.46174184367460597], [-0.33394775554044936, -0.3486302749643257, -0.8757482371236028, 1.1376932037664722], [0.45804407927432705, 0.7519920811304465, -0.4740288321239217, 0.7332980973585947], [0.0, 0.0, 0.0, 1.0]], [[0.8133139958072549, -0.5743753381518385, -0.09281275388789581, 0.47007077287707166], [-0.34123767687241774, -0.3416927807074867, -0.8756725977383778, 1.1396640381517928], [0.47125040267194884, 0.7438682272291604, -0.4739016066487256, 0.731656110496401], [0.0, 0.0, 0.0, 1.0]], [[0.804246369557596, -0.5867325292093525, -0.09451590757583382, 0.4792575342196593], [-0.34588088508626547, -0.33278538949763986, -0.8772801227827591, 1.1419245918274743], [0.48327542549183505, 0.738239704172588, -0.4705808954562626, 0.7270095668488277], [0.0, 0.0, 0.0, 1.0]], [[0.7959295836619091, -0.5978329777651855, -0.09535237064426286, 0.4864969958309597], [-0.35095416908642413, -0.3273143725329745, -0.8773232395196491, 1.1432675919112776], [0.49328290469619035, 0.7317525795598483, -0.4703307492247398, 0.726841214273694], [0.0, 0.0, 0.0, 1.0]], [[0.7858790122946727, -0.6107170987870298, -0.09705491077507797, 0.4965176752116023], [-0.35813182667522814, -0.3215466396088939, -0.8765547798484903, 1.143526028624781], [0.5041197629363402, 0.7236246362046711, -0.47141362799970177, 0.7266646206627597], [0.0, 0.0, 0.0, 1.0]], [[0.7764008957611841, -0.6227142662933909, -0.09710364178055293, 0.5026930589861655], [-0.3627289629292098, -0.3155170112208633, -0.8768561654968234, 1.1500020539784672], [0.5153924334519739, 0.7160142860591507, -0.4708443945673271, 0.7260139072747334], [0.0, 0.0, 0.0, 1.0]], [[0.7644515442792029, -0.6375001378245797, -0.0959620728957154, 0.5156767475599704], [-0.3629285424547753, -0.30253520742290346, -0.8813373349846975, 1.150973329141952], [0.5328204516024198, 0.7085666183866545, -0.46264068121514124, 0.7171045455746788], [0.0, 0.0, 0.0, 1.0]], [[0.7557034369439553, -0.6480826734860229, -0.09434876345864487, 0.5198909137627958], [-0.3650046084470081, -0.29717093961714613, -0.8823047051268426, 1.1491717451604926], [0.5437687707534182, 0.7011975312301318, -0.46112648671506296, 0.7159073759150956], [0.0, 0.0, 0.0, 1.0]], [[0.7459755612750822, -0.6594106462992959, -0.0932648289721628, 0.5226187697648984], [-0.3692177592539276, -0.2929448857285679, -0.8819644586276768, 1.1492336140064683], [0.5542552972711229, 0.692358959966537, -0.46199506483249253, 0.7194589045374027], [0.0, 0.0, 0.0, 1.0]], [[0.7326477006517126, -0.6744858282667432, -0.09108437783955949, 0.5306245934923232], [-0.37285167828861443, -0.28578963595009843, -0.882783363814281, 1.152186161147503], [0.5693946612431754, 0.6807295382492606, -0.46086611785377773, 0.7201078700317858], [0.0, 0.0, 0.0, 1.0]], [[0.7203117785673239, -0.6873015935297481, -0.09363264252058826, 0.5403768260267449], [-0.37812880336837396, -0.2759044121613, -0.8836826944918302, 1.1537294449756104], [0.5815234262692459, 0.6719319477249687, -0.45862557704728507, 0.7179517513204251], [0.0, 0.0, 0.0, 1.0]], [[0.7090775964992334, -0.6983396274150286, -0.09762832548623089, 0.5511041035602953], [-0.3841693121095574, -0.2664980964629487, -0.883964489247311, 1.1523189335737205], [0.5912896594814754, 0.6643052008692184, -0.4572484867433433, 0.7200804700732538], [0.0, 0.0, 0.0, 1.0]], [[0.7007419851308725, -0.7058785992561886, -0.1034234200416178, 0.5631067184907709], [-0.38810719293434437, -0.2555453957231583, -0.8854764337973283, 1.1537138608520927], [0.5986101401011289, 0.6606294814881813, -0.45302856216277776, 0.716162633408532], [0.0, 0.0, 0.0, 1.0]], [[0.6937156615750746, -0.7128606981087457, -0.10289856284544993, 0.5711267442484466], [-0.3892032957134426, -0.25080917593649243, -0.8863493666247585, 1.1576012771589752], [0.6060360299646823, 0.6549235245282894, -0.45143758317623106, 0.713957923643383], [0.0, 0.0, 0.0, 1.0]], [[0.6872024542458348, -0.7189767693387382, -0.10404489271590753, 0.5716405672056863], [-0.39204102072318997, -0.2464549701525918, -0.8863198102145232, 1.1546762091283849], [0.6116017609058841, 0.6498714291501175, -0.4512322739540765, 0.7159504213450091], [0.0, 0.0, 0.0, 1.0]], [[0.6752547688875102, -0.7303804851674979, -0.10283570185054254, 0.570746577320575], [-0.3987199730150413, -0.24416493332076958, -0.8839712344039481, 1.1562596669612888], [0.6205270276605678, 0.6379086015951029, -0.4560909286654875, 0.7226815145476599], [0.0, 0.0, 0.0, 1.0]], [[0.6605217615334399, -0.7440609934781005, -0.10042176985219248, 0.5667501044406335], [-0.4019638580480112, -0.23748094766853026, -0.8843234558683453, 1.1635886131998427], [0.6341416184422318, 0.6244803829658611, -0.45594745346288185, 0.7274631652826715], [0.0, 0.0, 0.0, 1.0]], [[0.645412030637836, -0.7575479934352866, -0.09779432119509913, 0.566840367653086], [-0.4020695464949212, -0.22808059261881067, -0.8867460446138116, 1.1755651116630845], [0.6494490618967876, 0.6116372536381992, -0.4517929833571634, 0.7254441237775455], [0.0, 0.0, 0.0, 1.0]], [[0.6344426196826362, -0.7668245703144576, -0.0972780036930381, 0.5691218071953222], [-0.402812268683617, -0.2205836666902582, -0.8883042168183944, 1.1797844887189275], [0.6597157148868243, 0.6027634595203117, -0.44883389635340626, 0.7227494097777495], [0.0, 0.0, 0.0, 1.0]], [[0.6245214168342077, -0.7748