[[[0.9699095703137667, -0.2429740280284353, -0.015464662811316643, 0.032629473841229974], [-0.1362235817977996, -0.48893894696954515, -0.8616162975202628, 0.7521773736177844], [0.2017893187786734, 0.8377967044312253, -0.5073245970244006, 1.0796143009707475], [0.0, 0.0, 0.0, 1.0]], [[0.9685323921617798, -0.24867586433117947, -0.01031778619332733, 0.02537859834539626], [-0.1352178342204417, -0.49093255798173047, -0.8606404336694337, 0.7490285199085551], [0.20895438819811807, 0.8349528966676399, -0.509108969294976, 1.0774495014784131], [0.0, 0.0, 0.0, 1.0]], [[0.9674671817003858, -0.2528819679285119, -0.007698235036866053, 0.022389163127983287], [-0.13589719652952134, -0.49376476644038275, -0.8589113102368717, 0.7477173988169933], [0.21340182945520428, 0.8320135347467991, -0.5120665198105414, 1.0774878082105241], [0.0, 0.0, 0.0, 1.0]], [[0.9665299829498873, -0.25652373930204814, -0.004107951495371779, 0.01590021868042203], [-0.13543861230317567, -0.49657530001663197, -0.8573618564164569, 0.7485181167861248], [0.21789362762535927, 0.8292213917557723, -0.514697256632687, 1.0775322465944601], [0.0, 0.0, 0.0, 1.0]], [[0.9646042656676709, -0.2637003054165907, 0.0010520102887848612, 0.011756737232728036], [-0.13479816209524223, -0.49650610502608145, -0.8575028200537451, 0.7489758536434328], [0.2266464106893568, 0.8270092440432472, -0.5144780779365291, 1.0764820393889816], [0.0, 0.0, 0.0, 1.0]], [[0.9630294844452528, -0.26937197326511436, 0.003655675051424891, 0.007240026600449249], [-0.1357136273613188, -0.4968223858996909, -0.8571757190701713, 0.7522659550271911], [0.23271528494204075, 0.8249883589106861, -0.5150113742165966, 1.075174752310274], [0.0, 0.0, 0.0, 1.0]], [[0.9611628114678126, -0.27590618698052055, 0.0064783720575677505, 0.008287838440509968], [-0.1365257354316453, -0.49574628886003247, -0.8576696638281229, 0.7556086956722255], [0.2398476424205887, 0.8234753385438325, -0.5141606426780884, 1.0723421928324306], [0.0, 0.0, 0.0, 1.0]], [[0.9612370614312485, -0.2756254033338278, 0.007417001986860054, 0.005007992414657237], [-0.13528531214755263, -0.4949018817462536, -0.8583528505115073, 0.7598810641177087], [0.2402545951166728, 0.8240765240289881, -0.5130061710801815, 1.0683675303039575], [0.0, 0.0, 0.0, 1.0]], [[0.9611042973552928, -0.2760500080065067, 0.008632748399279013, 0.006015600889388952], [-0.13393115822697427, -0.4931804991706455, -0.8595553004899735, 0.763135506580673], [0.24153774984835377, 0.8249664704894674, -0.5109684670628594, 1.0636930332270407], [0.0, 0.0, 0.0, 1.0]], [[0.9612165894323915, -0.2756511542364887, 0.008903944487164198, 0.008348855777361733], [-0.13325746312564757, -0.49245938160006203, -0.8600730773832893, 0.7646492595538659], [0.24146567753847678, 0.825530074502042, -0.5100917427232508, 1.0599545395649619], [0.0, 0.0, 0.0, 1.0]], [[0.9609676321289322, -0.2763486597372902, 0.013184473696065718, 0.007656572134324598], [-0.1300146792694652, -0.4931464239234728, -0.8601755889389077, 0.7639661887288642], [0.24421010267655366, 0.8248863587350624, -0.5098274091165772, 1.056506548085879], [0.0, 0.0, 0.0, 1.0]], [[0.9608421930330614, -0.2766523785108478, 0.015659832440587985, 0.004920895063566642], [-0.12849460230704557, -0.4949206910317113, -0.8593850875918128, 0.7653095693481614], [0.2455015125477912, 0.8237215862888994, -0.5110892888007578, 1.0539485235691355], [0.0, 0.0, 0.0, 1.0]], [[0.9599382628768254, -0.2796571933628139, 0.01763250770214198, 0.005280355044926426], [-0.12879899815236073, -0.49624192795707583, -0.8585771897276971, 0.7648305453518803], [0.2488567860394972, 0.8219098486209075, -0.512381364256986, 1.051423038878434], [0.0, 0.0, 0.0, 1.0]], [[0.9595226927601235, -0.28089174964491104, 0.02042832721900972, 0.002566562145330061], [-0.12833931602034737, -0.500664208787495, -0.8560747283911427, 0.7653290911753139], [0.25069166601443454, 0.8188008393410539, -0.5164479618937869, 1.0505768789957513], [0.0, 0.0, 0.0, 1.0]], [[0.9587331145311397, -0.28335978465065836, 0.023195903496491095, 0.002072679968014786], [-0.1280332275351973, -0.5031541952141987, -0.8546599564722456, 0.7678313503304258], [0.2538467480995267, 0.8164212973119613, -0.5186694673295728, 1.0490877319653276], [0.0, 0.0, 0.0, 1.0]], [[0.9574652848019377, -0.287350402347842, 0.026279219918058386, 0.00437707337580585], [-0.12759239433310413, -0.503302232129416, -0.8546381484470306, 0.7721658715814208], [0.25880743623617786, 0.8149337878145804, -0.518557838909344, 1.0448782137943466], [0.0, 0.0, 0.0, 1.0]], [[0.9564249666899123, -0.2906049133251147, 0.028284883371594315, 0.005436675722425173], [-0.12744338787998127, -0.502657846321851, -0.8550398237156736, 0.7800915465480354], [0.2626966039431495, 0.8141771856266722, -0.5177904386024932, 1.0403740906784154], [0.0, 0.0, 0.0, 1.0]], [[0.9547605197060656, -0.29585843171820136, 0.02999890175618673, 0.009709815077095578], [-0.12760865100947558, -0.4987324671152094, -0.857310948453285, 0.7891122264651914], [0.26860423143547835, 0.8146990080671324, -0.5139241530202556, 1.032216228001413], [0.0, 0.0, 0.0, 1.0]], [[0.9540665647671096, -0.298127933754824, 0.02961539443927288, 0.01219634987422148], [-0.12797970663522418, -0.49493362055923174, -0.8594538313119368, 0.7962789266126081], [0.2708854639755044, 0.8161866392731035, -0.5103536907783232, 1.0247559341744867], [0.0, 0.0, 0.0, 1.0]], [[0.9529776431858049, -0.3016353759745692, 0.029169936332333682, 0.0160048958902663], [-0.12950010207984544, -0.4923722482556296, -0.8606969834548431, 0.803539402952525], [0.27397976161128723, 0.816447227104097, -0.5082814454771134, 1.0178875647724182], [0.0, 0.0, 0.0, 1.0]], [[0.9518152335848455, -0.30539685283242857, 0.027958927071377433, 0.018912998027444266], [-0.131693048583859, -0.48936481592551007, -0.8620789321599818, 0.812394044800273], [0.27695780865503705, 0.8168569181903863, -0.5060029578468874, 1.0116417395915036], [0.0, 0.0, 0.0, 1.0]], [[0.9505588626333882, -0.3096242406727191, 0.023908091039288915, 0.02701500411371356], [-0.1356429950558026, -0.48321550237523947, -0.8649296477643988, 0.8215742898022532], [0.27935613766265344, 0.8189233051813153, -0.5013231092899613, 1.0023629959919809], [0.0, 0.0, 0.0, 1.0]], [[0.9491237697703936, -0.3143076063341323, 0.0193724082581386, 0.031323359191677676], [-0.1406131929478062, -0.478050677714192, -0.8670038881513908, 0.8296232676420688], [0.28176658413719297, 0.8201698706251151, -0.497924142520289, 0.9940836563247822], [0.0, 0.0, 0.0, 1.0]], [[0.9466850889384079, -0.32168899655932226, 0.017437736566546933, 0.03359307114327694], [-0.1450977498002284, -0.47407893754452496, -0.8684437611261482, 0.8378441904444572], [0.2876356460526507, 0.8196130422900089, -0.495479693667867, 0.9883692540648658], [0.0, 0.0, 0.0, 1.0]], [[0.9431145555648666, -0.33202050029429825, 0.01724130261252949, 0.03465445792885968], [-0.14894319939181772, -0.46830151556876226, -0.8709244026032129, 0.8447271179306126], [0.2972397324914637, 0.8188142305068686, -0.4911138907961373, 0.9795801225895269], [0.0, 0.0, 0.0, 1.0]], [[0.93961168766923, -0.3418732592489935, 0.015917122963490377, 0.035443477680369755], [-0.15407433499919293, -0.4640729004948141, -0.8722941465637979, 0.8491651784675092], [0.3056012851493326, 0.8171657385377733, -0.4887212455688958, 0.9726503298049248], [0.0, 0.0, 0.0, 1.0]], [[0.9363615996052316, -0.3506905399886561, 0.01561255418894134, 0.03734501063598192], [-0.1583815467585184, -0.46174074306317947, -0.8727603772078999, 0.8520502645015283], [0.3132773677001759, 0.8147471750224137, -0.48789818636983945, 0.9685340396463828], [0.0, 0.0, 0.0, 1.0]], [[0.9342730656872732, -0.35624499122765996, 0.015002128051172922, 0.03550728096958885], [-0.16183072241211843, -0.4611508360343062, -0.8724391376437126, 0.8583177356575141], [0.31771975793394586, 0.8126684736523274, -0.4884913915255434, 0.9637209103364316], [0.0, 0.0, 0.0, 1.0]], [[0.931511634695409, -0.36341102370521505, 0.014815167283840636, 0.033405000027012535], [-0.16498345089942795, -0.4584927722645818, -0.8732492188934052, 0.8663224254311487], [0.3241408308132626, 0.8109978463392792, -0.48704775073098305, 0.9556611197821356], [0.0, 0.0, 0.0, 1.0]], [[0.9271227603592556, -0.3744808178173626, 0.014418873856815019, 0.03236000649563649], [-0.16970173358469973, -0.453821679562882, -0.8747841751922351, 0.8731846903119018], [0.33413424047544704, 0.8085854272010778, -0.48429870523209767, 0.9472424061298084], [0.0, 0.0, 0.0, 1.0]], [[0.9231538237113392, -0.38405255030391666, 0.017086542468017288, 0.024878394609297163], [-0.1706555653030252, -0.44922265647332493, -0.8769695909917623, 0.8787582792605221], [0.3444780284434221, 0.8066617896246456, -0.48024128902375407, 0.9367994138105257], [0.0, 0.0, 0.0, 1.0]], [[0.918286798398634, -0.3955644140191932, 0.01668632986082189, 0.022726020415573422], [-0.1753333996709654, -0.4440936663691872, -0.878657262143923, 0.8897881880407702], [0.35497584212911515, 0.8039342379035441, -0.47716041180877544, 0.92697788932693], [0.0, 0.0, 0.0, 1.0]], [[0.9140326891250551, -0.4054027413062484, 0.013941223789797539, 0.01838026156003551], [-0.17947462787781554, -0.4349920493322011, -0.8823662684157566, 0.9008441676482805], [0.3637776890180137, 0.8040099626167325, -0.4703560031889472, 0.9123899207219599], [0.0, 0.0, 0.0, 1.0]], [[0.9090313769653131, -0.4166193283967724, 0.009517912749616176, 0.019622667510139583], [-0.18601412772007542, -0.42609493899502465, -0.8853478807001437, 0.9119439362644668], [0.37290882623748617, 0.8030388364300696, -0.4648303311880176, 0.898012646578115], [0.0, 0.0, 0.0, 1.0]], [[0.9039834180048447, -0.4275538958995759, 0.003552146272097611, 0.021001256584927182], [-0.1945791138279085, -0.41877095989448, -0.8870000964595728, 0.9232105753425749], [0.38072748025516095, 0.8011425729209826, -0.4617544156894975, 0.885196463327848], [0.0, 0.0, 0.0, 1.0]], [[0.8985209989398786, -0.4389264240291614, -0.002014752638734194, 0.025632716184212083], [-0.20294857624056425, -0.41137469904056945, -0.8885844067138119, 0.93533236039278], [0.38919430401444477, 0.7988215241316549, -0.45870829641872496, 0.8744343778989475], [0.0, 0.0, 0.0, 1.0]], [[0.8932378370872972, -0.44954695669484446, -0.005840356588921618, 0.025971533921490784], [-0.20775613375283397, -0.40121709393690186, -0.8921117541652706, 0.9497562034355318], [0.3987025115649382, 0.7980812193516315, -0.45177760580946175, 0.8568021679648471], [0.0, 0.0, 0.0, 1.0]], [[0.8878025951425389, -0.46017592177440336, -0.0066549172036724225, 0.023679109952904596], [-0.21015384881835697, -0.392494189213714, -0.8954239196919552, 0.963700640215015], [0.4094402606980667, 0.7963590750438809, -0.4451644753288337, 0.8410763053235859], [0.0, 0.0, 0.0, 1.0]], [[0.8821707537576465, -0.470894916807518, -0.005848106443011783, 0.02108403178891355], [-0.21116895409941625, -0.3844422934000466, -0.8986716820014476, 0.9745649198402921], [0.4209313262272733, 0.7940173162833641, -0.4385812089739986, 0.8244331057235896], [0.0, 0.0, 0.0, 1.0]], [[0.8770461169280881, -0.4803614402288207, -0.0065958069552353345, 0.015227207435984928], [-0.2147817303626305, -0.3797935925042517, -0.8997922518175128, 0.9857551992560492], [0.42972085236217644, 0.7905757691844595, -0.436268962979125, 0.8111461485706138], [0.0, 0.0, 0.0, 1.0]], [[0.8710249497386165, -0.4912100878685387, -0.005378916152551543, 0.02308399536492357], [-0.21320662751889077, -0.36815252695140577, -0.904989870947891, 0.9879087004837556], [0.44256009683538733, 0.7894155238456074, -0.4253989395858562, 0.7928282302923569], [0.0, 0.0, 0.0, 1.0]], [[0.8671181602973131, -0.4979522724182783, -0.012256229010713429, 0.02984778143233998], [-0.21998963006285832, -0.3607757804049031, -0.9063366131442425, 1.0004325971788801], [0.4468904021744616, 0.7885973989232814, -0.42237963309384313, 0.7797430913801294], [0.0, 0.0, 0.0, 1.0]], [[0.8641974283397578, -0.5028117282101912, -0.018560687793947983, 0.03403113906254521], [-0.22452289551250632, -0.35235643163524505, -0.9085342640304912, 1.0141455426116657], [0.4502808252175266, 0.7893197541593517, -0.4173983249492769, 0.7630047140060877], [0.0, 0.0, 0.0, 1.0]], [[0.8591269245652425, -0.5113247349054857, -0.021157296080331244, 0.036134364673892444], [-0.22726024020535227, -0.3441463047394565, -0.9109977946128649, 1.0269677326836735], [0.45853412025766427, 0.7874709189569038, -0.411869055526384, 0.7474923957389394], [0.0, 0.0, 0.0, 1.0]], [[0.8542949266760963, -0.519316706027777, -0.02213496208464903, 0.03553491461970402], [-0.22887859332565796, -0.33759617963390326, -0.9130409814646683, 1.0393636955554622], [0.46668578973174046, 0.7850727624311412, -0.40726646611872325, 0.7320916418743431], [0.0, 0.0, 0.0, 1.0]], [[0.8500374849034641, -0.5262227029710138, -0.02296047248146127, 0.03382352244510301], [-0.2312603212361917, -0.3336934317466044, -0.9138753802652725, 1.0518152607731512], [0.473240553542754, 0.7821371327153654, -0.4053449754330862, 0.7190911973612586], [0.0, 0.0, 0.0, 1.0]], [[0.8443866475518537, -0.5351954404665693, -0.024018391939938388, 0.03591540023933836], [-0.2323630835728164, -0.3254685610868928, -0.9165571101418689, 1.058870552025188], [0.4827206712388252, 0.7795102289368654, -0.3991806986970409, 0.7032601065144612], [0.0, 0.0, 0.0, 1.0]], [[0.8403222617126674, -0.5413786992703893, -0.027706824300675836, 0.03795460604632224], [-0.23624836624089773, -0.3197416024768219, -0.9175791269517097, 1.0694459942448138], [0.48789913660605794, 0.7776080830421823, -0.39658503252951777, 0.6899994864446005], [0.0, 0.0, 0.0, 1.0]], [[0.836910683005414, -0.5462250261595263, -0.034927483688024404, 0.04516226219110229], [-0.24185168147652997, -0.31180504615675314, -0.9188501644477827, 1.0820254291551654], [0.4910080397788098, 0.7774426882287254, -0.39305805803312327, 0.6765122503275035], [0.0, 0.0, 0.0, 1.0]], [[0.8325834148138553, -0.5523281749706421, -0.041708403153932504, 0.05428852353602408], [-0.24515841669093913, -0.29993645088328347, -0.9219187888566535, 1.0936777967966218], [0.49669217783775427, 0.7777994867187501, -0.3851298421274112, 0.6592846567071327], [0.0, 0.0, 0.0, 1.0]], [[0.8294157407868592, -0.5567863975205428, -0.04537502019216779, 0.056848327180101056], [-0.2466897945951396, -0.292179940630847, -0.9239990925292405, 1.1047734361310018], [0.5012131700633811, 0.7775735278341322, -0.3796918211649497, 0.6453911385258506], [0.0, 0.0, 0.0, 1.0]], [[0.8235966182655146, -0.5651139914093801, -0.04833232351509731, 0.060504053268473086], [-0.24893451826012655, -0.28359370717673676, -0.9260697768028803, 1.1132614707703243], [0.5096286811127123, 0.7747399348328918, -0.3742425051804529, 0.6321629385177093], [0.0, 0.0, 0.0, 1.0]], [[0.8170404913612267, -0.5746870118454281, -0.04668246105802323, 0.058745411963405346], [-0.2486150344859768, -0.2780905721277277, -0.9278238640637763, 1.122754903285674], [0.5202259087286673, 0.7696756240485204, -0.3700870380293913, 0.6202210974773193], [0.0, 0.0, 0.0, 1.0]], [[0.8083521002311096, -0.5870430510677229, -0.04412469732937781, 0.0556965194505883], [-0.24774341225546148, -0.2712321386146721, -0.930084143035461, 1.1307872024309038], [0.5340318019935208, 0.7627674142390622, -0.36468714751017967, 0.6066609514186622], [0.0, 0.0, 0.0, 1.0]], [[0.8006950120966959, -0.5977836572924943, -0.039269055771634594, 0.051216885616433276], [-0.24593675725408773, -0.26823079937439814, -0.9314330673769285, 1.1378282616265873], [0.5462622286792861, 0.7554517689694318, -0.3617876966698978, 0.5975100691761238], [0.0, 0.0, 0.0, 1.0]], [[0.792865029881765, -0.6082465249876969, -0.03743465279939922, 0.050569334740133504], [-0.245648221190883, -0.2627828793634218, -0.9330603402359671, 1.143568053345438], [0.5576937789475875, 0.7489872287043156, -0.3577657453518305, 0.586196523793361], [0.0, 0.0, 0.0, 1.0]], [[0.7862562718576299, -0.6169132906859153, -0.03490970806127459, 0.04905140318406383], [-0.2450788921801345, -0.2594924896757612, -0.934130357774336, 1.1555544155690243], [0.5672191435746056, 0.74302241385945, -0.35521979858533487, 0.5770688974295817], [0.0, 0.0, 0.0, 1.0]], [[0.7797143878683459, -0.6252813253650812, -0.03271491493486973, 0.04801554831225525], [-0.24069176211479693, -0.25108440117782266, -0.9375628968395052, 1.1641044860610221], [0.5780258822912561, 0.7389048065428001, -0.34627332490561996, 0.5609427132043832], [0.0, 0.0, 0.0, 1.0]], [[0.7732481341299557, -0.6333005575688958, -0.031906629568288374, 0.04926633317126771], [-0.23775905714976145, -0.24291703580437768, -0.9404581424987002, 1.1722546893934747], [0.5878425359693714, 0.7347941935944187, -0.3384069848649545, 0.5467234408619371], [0.0, 0.0, 0.0, 1.0]], [[0.7661632241045256, -0.6419902276421254, -0.029040452791166363, 0.05170561337721534], [-0.23661452878776512, -0.2397897118913657, -0.9415488552383857, 1.182909422929774], [0.5975019305575798, 0.7282513054934743, -0.3356224626219306, 0.5382492349649893], [0.0, 0.0, 0.0, 1.0]], [[0.762499144365949, -0.6463504871824767, -0.028749173653903472, 0.04792406181614145], [-0.2339734214872869, -0.23404561679332525, -0.9436522106545834, 1.1863002892131869], [0.6032018127197369, 0.7262610241630391, -0.3296880508784211, 0.5259414677824044], [0.0, 0.0, 0.0, 1.0]], [[0.7550805368415667, -0.6550540065705487, -0.027534574083616623, 0.04741051863377022], [-0.23482902985389206, -0.23099842319827357, -0.9441904552867679, 1.1987754041557033], [0.6121349684257447, 0.7194051853187163, -0.3282476954174717, 0.5202615172663523], [0.0, 0.0, 0.0, 1.0]], [[0.7448346895717343, -0.6668168043450708, -0.024044229881695498, 0.05246557006651346], [-0.23198484888436877, -0.22500272318776227, -0.9463381592117324, 1.2034251017031712], [0.6256240975969181, 0.7104435635959334, -0.322281329778122, 0.5083587243649896], [0.0, 0.0, 0.0, 1.0]], [[0.7361340675558753, -0.6764516534949255, -0.022792588133818893, 0.056133271271810135], [-0.23164611403995566, -0.2201573733147387, -0.9475599249800246, 1.2118829071188195], [0.6359610613467714, 0.7028112638604338, -0.3187624701024173, 0.5013180046892431], [0.0, 0.0, 0.0, 1.0]], [[0.7267579960031176, -0.6865651533680248, -0.02124000843821921, 0.06238750235842031], [-0.22888332771506986, -0.2128959617782039, -0.9498886647128569, 1.2155271557487177], [0.6476388542600084, 0.6952000795182286, -0.31186697622385845, 0.49026421689396177], [0.0, 0.0, 0.0, 1.0]], [[0.7160857811668985, -0.6977559225940424, -0.01891119837844455, 0.06836718298391566], [-0.22762076838429207, -0.20781611931810237, -0.9513154265509471, 1.2265093229307533], [0.6598556244769592, 0.6855289638254, -0.3076367844399132, 0.4820116395965893], [0.0, 0.0, 0.0, 1.0]], [[0.7040896875795771, -0.7099329376284987, -0.015952273014167954, 0.07734211547702839], [-0.22530900252006636, -0.20203836205597064, -0.9531089183322711, 1.2318425491270621], [0.6734205342253108, 0.6746681295994267, -0.3022062404184073, 0.4730268273665578], [0.0, 0.0, 0.0, 1.0]], [[0.693820777987268, -0.719995130477266, -0.014866372421966687, 0.08130212004419429], [-0.22874374508967035, -0.2007603875523287, -0.9525601453920713, 1.2411112050381141], [0.6828539172225128, 0.6643067876050502, -0.30398555148183826, 0.4719007852371886], [0.0, 0.0, 0.0, 1.0]], [[0.6807541999684359, -0.7324087988711093, -0.01232409144865493, 0.09070206860697543], [-0.22699704747962998, -0.19493174289803117, -0.9541871612017158, 1.2396365226693635], [0.6964534594841437, 0.6523648573520232, -0.2989552906766699, 0.46604971789618205], [0.0, 0.0, 0.0, 1.0]], [[0.6676798622749786, -0.7443844537612377, -0.009762227351888378, 0.09758512540691554], [-0.22639408564144234, -0.19053856552675089, -0.9552174311469362, 1.2424231437904656], [0.7091894478744009, 0.6399899525025078, -0.2957426447668307, 0.46265650730714464], [0.0, 0.0, 0.0, 1.0]], [[0.6587247435171649, -0.7523398384715083, -0.008248135812117948, 0.09625398634879843], [-0.22532772392045688, -0.1868070253827784, -0.9562066654797614, 1.242959463939763], [0.7178505483840316, 0.6317355687592601, -0.2925774022020899, 0.455052174110098], [0.0, 0.0, 0.0, 1.0]], [[0.645315669265965, -0.7638321124415883, -0.011364452284567896, 0.11071501969397651], [-0.22803981419109842, -0.17841669547736344, -0.9571656986864, 1.251142385709713], [0.7290857547713228, 0.6202648441767628, -0.2893185320738358, 0.4531404190473497], [0.0, 0.0, 0.0, 1.0]], [[0.6332554841060004, -0.7737671350252031, -0.016506234591846393, 0.12729635781006154], [-0.23024005555824228, -0.1679828049150552, -0.958525360842419, 1.2581133486463218], [0.738902900499656, 0.6107929145628347, -0.2845275968094049, 0.44838290324123703], [0.0, 0.0, 0.0, 1.0]], [[0.6216897724149204, -0.7828970866028754, -0.02395425146527768, 0.14746983722606435], [-0.2369929770960706, -0.1588684841553192, -0.9584336924634098, 1.260492721092148], [0.7465501153737085, 0.6015253652918823, -0.284307027090075, 0.44879647027820335], [0.0, 0.0, 0.0, 1.0]], [[0.6101998951205168, -0.791476402876124, -0.034973822972579165, 0.1712773874298145], [-0.2438593272045001, -0.14563841064386432, -0.9588127282408943, 1.2621247868583645], [0.7537839623771481, 0.593596132848246, -0.2818772624673902, 0.4482383855014799], [0.0, 0.0, 0.0, 1.0]], [[0.5972955561786808, -0.8009098851365138, -0.042209825804058396, 0.19669859213029048], [-0.24435102383065022, -0.1315980093650889, -0.9607155173247601, 1.2621029979274832], [0.7638917587810141, 0.5841458787514783, -0.2743051712709035, 0.44076618327444755], [0.0, 0.0, 0.0, 1.0]], [[0.5874026988834348, -0.8079527053821048, -0.04659794410161266, 0.2133464764683132], [-0.2452574037624254, -0.12284530127705799, -0.9616427122134984, 1.2673928272107473], [0.771237856502925, 0.5763004595339376, -0.2703156234147128, 0.43780079467290606], [0.0, 0.0, 0.0, 1.0]], [[0.5767553930325475, -0.8154479656747051, -0.048983118089267454, 0.22931520173431272], [-0.24436404005053478, -0.11499877304066328, -0.962840623385987, 1.2713807367368295], [0.7795124209514731, 0.5672930899165499, -0.2655923149254105, 0.4333271518485465], [0.0, 0.0, 0.0, 1.0]], [[0.566500038187333, -0.82248026882332, -0.05103229060365064, 0.2429872750563211], [-0.24477321874213623, -0.10881373377828747, -0.9634550918594671, 1.2780720750475478], [0.7868695012033163, 0.5582891534809009, -0.2629641115074751, 0.4326711729148887], [0.0, 0.0, 0.0, 1.0]], [[0.5547957938889868, -0.8302894474056634, -0.05311932079441983, 0.25836119652198136], [-0.2460741481028351, -0.10276461220838162, -0.9637878033354357, 1.2786270537196758], [0.7947642350181469, 0.5477766296399154, -0.2613256326517354, 0.4334794180080568], [0.0, 0.0, 0.0, 1.0]], [[0.5443702027874068, -0.8373111816714531, -0.05070514990772594, 0.26513161337210117], [-0.23869195895925044, -0.09666883065898624, -0.9662718473659615, 1.2697681207414313], [0.8041692527225096, 0.5381124582849973, -0.2524826022976849, 0.4270391273032382], [0.0, 0.0, 0.0, 1.0]], [[0.5329576566490697, -0.8449449517323047, -0.04500068381669483, 0.2708419392963522], [-0.23572943779389022, -0.09719101539625884, -0.9669462299162584, 1.2792118092672122], [0.8126433025228631, 0.5259489259666025, -0.25097603784176375, 0.4287169397839691], [0.0, 0.0, 0.0, 1.0]], [[0.5232903743842803, -0.8510444576833153, -0.04348667609609251, 0.2756640576483854], [-0.2323883156326398, -0.09342124332178654, -0.9681261620474721, 1.2814231738475805], [0.8198559223434616, 0.5167170261106315, -0.246659502220629, 0.4265123328995985], [0.0, 0.0, 0.0, 1.0]], [[0.5157944052634259, -0.8558111601411977, -0.039291355262696434, 0.2802117170874338], [-0.23017765698231346, -0.09425933776115161, -0.9685727624882738, 1.2822529771717044], [0.8252117642376846, 0.5086285238060793, -0.24560691299034057, 0.4290781148981432], [0.0, 0.0, 0.0, 1.0]], [[0.5094580471866629, -0.8596832540945784, -0.03737440976771688, 0.2878796058965493], [-0.23295923159745777, -0.095982602450427, -0.9677385486111246, 1.2835823704761278], [0.8283622258382076, 0.5017289949380025, -0.24917045091106071, 0.4367313543741041], [0.0, 0.0, 0.0, 1.0]], [[0.5036358145634393, -0.863182353512817, -0.03561854538020244, 0.2965424275167263], [-0.23850901791071946, -0.09929743162172328, -0.9660509507032244, 1.2800901636809927], [0.8303409826005148, 0.49503285083177184, -0.2558865358216265, 0.4492209524954824], [0.0, 0.0, 0.0, 1.0]], [[0.49595707475467227, -0.8676457704241273, -0.03488470385911814, 0.30793373364283433], [-0.2463655057908794, -0.10207516652363148, -0.9637861871448372, 1.2774510513057322], [0.8326647673143036, 0.4865915782011585, -0.2643832967933397, 0.4612551310677016], [0.0, 0.0, 0.0, 1.0]], [[0.4910066211802461, -0.8704725975576763, -0.034511918390625285, 0.3120366813255308], [-0.25007813675368945, -0.10289116308249713, -0.9627433945545325, 1.2710736059765595], [0.8344904853078774, 0.4813445534642888, -0.2682060086981219, 0.46653607083884285], [0.0, 0.0, 0.0, 1.0]], [[0.4796404417058768, -0.8768843830385973, -0.031934291890977635, 0.3174372695405993], [-0.25705876975932146, -0.10562372024516328, -0.960606746893128, 1.273599094236913], [0.8389672212972967, 0.4689544948338835, -0.27607147996440556, 0.4784260146481584], [0.0, 0.0, 0.0, 1.0]], [[0.4639809737879653, -0.8854273516728787, -0.027205425910629, 0.32030100722602406], [-0.26132634364029017, -0.10746665571383393, -0.9592488622504987, 1.2755865687866514], [0.8464227043216194, 0.45218255986089106, -0.28124788540473294, 0.48778585088541254], [0.0, 0.0, 0.0, 1.0]], [[0.45129470330588567, -0.8919030638955076, -0.029032282341495068, 0.3193090498195453], [-0.25919356233990454, -0.09987884617716145, -0.9606474820406615, 1.259167359969159], [0.8539043582264707, 0.4410604003534114, -0.27624971607914556, 0.4827770262598967], [0.0, 0.0, 0.0, 1.0]], [[0.43564481456879023, -0.8995774614281834, -0.03122516479970029, 0.32686315906459507], [-0.2687052680073158, -0.0968631284331058, -0.9583396249376697, 1.2550166737898076], [0.8590759942350479, 0.42588596302353005, -0.28391829383156103, 0.49299630774440495], [0.0, 0.0, 0.0, 1.0]], [[0.42308257601662946, -0.9052541670097433, -0.038941926349775655, 0.3382061672363752], [-0.2827723576435264, -0.09108171137433667, -0.9548528002243694, 1.244113935728512], [0.8608372799364192, 0.4149929142138726, -0.2945152815176339, 0.5044366063755608], [0.0, 0.0, 0.0, 1.0]], [[0.40930698963081147, -0.9112819466727312, -0.04510075949176611, 0.350668377853039], [-0.29711587796517486, -0.08638933438353062, -0.9509247507654178, 1.240543308645402], [0.8626647027191072, 0.40262083648987124, -0.30611561042404084, 0.5206260693393695], [0.0, 0.0, 0.0, 1.0]], [[0.3947111318024141, -0.9174466288135251, -0.049954070978773836, 0.3619317903481697], [-0.3070119611103706, -0.08045135260173579, -0.9482990999124828, 1.237309811039256], [0.8659945244141943, 0.38964101472335794, -0.31342249807103123, 0.5293802057489015], [0.0, 0.0, 0.0, 1.0]], [[0.37724173428426955, -0.9246287426395331, -0.05245452032482878, 0.3681934809571176], [-0.3103392389524621, -0.07284601285652939, -0.947830303241064, 1.2320649687072638], [0.8725700023388556, 0.3738401523976197, -0.31442903307137854, 0.5306902601067365], [0.0, 0.0, 0.0, 1.0]], [[0.3589976605342125, -0.9317616057601033, -0.05423383977619293, 0.37025808717733455], [-0.31397219455250786, -0.06584062615139087, -0.9471462202287256, 1.2322215075088754], [0.8789437259077362, 0.357051307037057, -0.31618292159818695, 0.5324922156956576], [0.0, 0.0, 0.0, 1.0]], [[0.34087427757113054, -0.9384480583160391, -0.05586455739121931, 0.3746522340948728], [-0.319966013902527, -0.05993619706842888, -0.9455317533706792, 1.2306939903450773], [0.8839832132292179, 0.34018183447585554, -0.3207014551501556, 0.5361086248590666], [0.0, 0.0, 0.0, 1.0]], [[0.3270437723115125, -0.9429023358992208, -0.06306991872150837, 0.3833720464845673], [-0.3296170886128856, -0.05126914798023422, -0.9427211594565464, 1.2261875491414338], [0.8856609099034985, 0.3291002797846717, -0.32756408928038505, 0.5410171640549865], [0.0, 0.0, 0.0, 1.0]], [[0.31467609250906325, -0.9468695688999684, -0.06645778762122838, 0.39349703865280317], [-0.33873594067373497, -0.046617583657326586, -0.9397259042657256, 1.2234242249676899], [0.8867007987456813, 0.31822099162915046, -0.3354080692650231, 0.5453889414392723], [0.0, 0.0, 0.0, 1.0]], [[0.3020081393646783, -0.9511646020071806, -0.06386415254735332, 0.39621217955283794], [-0.3373434070607379, -0.043973076374582844, -0.9403540594454948, 1.2086910904756807], [0.891622522858986, 0.3055386501343145, -0.3341493721241332, 0.5442236956323948], [0.0, 0.0, 0.0, 1.0]], [[0.2902046793459858, -0.9547413565504989, -0.0651939025465597, 0.3977831294069099], [-0.34215328328992506, -0.03989629343063215, -0.9387966632952472, 1.2064469736165455], [0.893707159958875, 0.2947497637303927, -0.33824570757907363, 0.5426823293435957], [0.0, 0.0, 0.0, 1.0]], [[0.2732378876879059, -0.9597314883612583, -0.06524332967617828, 0.4067731315222463], [-0.3457741065278694, -0.034698298498977646, -0.9376761907238883, 1.2025982282375327], [0.8976534459756562, 0.27876894559817095, -0.3413308617892742, 0.5431853466169372], [0.0, 0.0, 0.0, 1.0]], [[0.25913206490006, -0.9635354912201184, -0.06670893934763165, 0.40951070626838815], [-0.34945534648219023, -0.02914505531341127, -0.9364994465951347, 1.2006583879373052], [0.900406637512245, 0.26598937848695786, -0.3442643940822193, 0.5394634075269218], [0.0, 0.0, 0.0, 1.0]], [[0.2423384437718998, -0.9677968307060016, -0.06813310281075186, 0.4141817276155523], [-0.35226855919284766, -0.02234017960803013, -0.9356325167762005, 1.1979666406214708], [0.9039796135139996, 0.2507408612208665, -0.3463384450156926, 0.5351611213739804], [0.0, 0.0, 0.0, 1.0]], [[0.22559866973318615, -0.9717930519220142, -0.06872698396706764, 0.416473397272457], [-0.35246837517220253, -0.015650333225207206, -0.9356930260471006, 1.1979045516418683], [0.9082245745505827, 0.23531478434459657, -0.34605624493018683, 0.5264743356910023], [0.0, 0.0, 0.0, 1.0]], [[0.20653873411157392, -0.9759010036090588, -0.07042241223261114, 0.42175745724666025], [-0.3513965551687789, -0.006811809484064709, -0.9362020920904645, 1.197690299870542], [0.9131609827886096, 0.21810774431515087, -0.3443345633365124, 0.5177514403890818], [0.0, 0.0, 0.0, 1.0]], [[0.1858451396555952, -0.979889095371261, -0.07265560642593315, 0.42984634594772836], [-0.3533069936792072, 0.0023568580363249932, -0.9355039608345052, 1.1990407041723], [0.9168614854497572, 0.1995290707998002, -0.3457632991839332, 0.5111911880129631], [0.0, 0.0, 0.0, 1.0]], [[0.16425428190638552, -0.9836341338631132, -0.07406424726507106, 0.43605696254590454], [-0.3523223206655706, 0.01162939323505842, -0.9358060456741911, 1.1978279755504089], [0.9213522420105592, 0.17980481681295388, -0.34464539674428823, 0.5025071314046836], [0.0, 0.0, 0.0, 1.0]], [[0.14314172114124854, -0.9868092983702104, -0.07561604628989123, 0.4432758647853926], [-0.3536461759586349, 0.02036008833551894, -0.9351573970917169, 1.195501356895827], [0.9243621790904896, 0.1606009021891559, -0.34606679022919795, 0.4963362421045631], [0.0, 0.0, 0.0, 1.0]], [[0.1241058977241166, -0.9893471241900036, -0.07609492815604364, 0.44587461568299736], [-0.35505562823682246, 0.027333530832410385, -0.9344452033734527, 1.1908401319861586], [0.9265710783172095, 0.14298757581763813, -0.3478803784353171, 0.4933651827655563], [0.0, 0.0, 0.0, 1.0]], [[0.10619173131741229, -0.9910325979306875, -0.0811021465890503, 0.46056686879180364], [-0.3590077961071444, 0.037848844867636254, -0.9325668176592606, 1.1899554304561266], [0.9272746080494488, 0.12814700000766888, -0.35176895708061534, 0.4887211206589219], [0.0, 0.0, 0.0, 1.0]], [[0.09351038508012859, -0.9917754154558822, -0.08739234574480408, 0.47410595690787294], [-0.3603186157724968, 0.04811552235964068, -0.9315871143245427, 1.1893417841069942], [0.9281305661724504, 0.11860190520650779, -0.35285564496933014, 0.4803557208641505], [0.0, 0.0, 0.0, 1.0]], [[0.08046575163252492, -0.9923286047832642, -0.09385759173246382, 0.4902417443597043], [-0.3628370765675411, 0.058542133721933655, -0.9300118014897344, 1.1868912736289399], [0.9283719694379979, 0.10888941479287521, -0.35534280576261096, 0.4744732925305671], [0.0, 0.0, 0.0, 1.0]], [[0.06830042895995427, -0.9929641257411317, -0.0967394774051207, 0.5023421887503775], [-0.36780497226087433, 0.0650747558844827, -0.9276236411521509, 1.1833574759169692], [0.9273917274233119, 0.09893924485926182, -0.36077189493460426, 0.47161588143692407], [0.0, 0.0, 0.0, 1.0]], [[0.054863878711632126, -0.9938335956500016, -0.0963607111999006, 0.5104838247451112], [-0.36962798672804026, 0.06943528600218561, -0.9265816703016394, 1.182643987629009], [0.9275590816443611, 0.0864537585677263, -0.3635392303896771, 0.4658527333201499], [0.0, 0.0, 0.0, 1.0]], [[0.03907386828534309, -0.994804808086004, -0.09400646686560385, 0.5172897817569364], [-0.36710098170252964, 0.07320799920774736, -0.9272960919229104, 1.1850313594450037], [0.9293608196515276, 0.07074193064276674, -0.3623320846295669, 0.45694655824405445], [0.0, 0.0, 0.0, 1.0]], [[0.022744412447757392, -0.9956044055393336, -0.0908597304734353, 0.5233471178659796], [-0.3625061226894967, 0.07648483579057522, -0.9288372119065985, 1.1886480944043785], [0.9317040184425778, 0.05406196673149709, -0.3591730935120765, 0.4469898503157005], [0.0, 0.0, 0.0, 1.0]], [[0.006750454759178011, -0.9961375065099232, -0.08754711425782177, 0.5301726998517472], [-0.35476591467399876, 0.07946866830907623, -0.9315717638608206, 1.1942136584965282], [0.9349315466004399, 0.03734654354402606, -0.3528586250732396, 0.4339437689648039], [0.0, 0.0, 0.0, 1.0]], [[-0.007649806778819908, -0.9965227552750684, -0.08297487884364431, 0.5373643694460636], [-0.34384079140989626, 0.08053914780319316, -0.9355675844381861, 1.2023700232013717], [0.9389973933981617, 0.02137331705906283, -0.3432608586186132, 0.4180296438533719], [0.0, 0.0, 0.0, 1.0]], [[-0.015008530452546543, -0.9968387510895041, -0.07802095182409956, 0.5383215476490847], [-0.33394980333341, 0.07854680382958283, -0.9393120720321609, 1.210028506898164], [0.9424717716575522, 0.011956435429314094, -0.3340727535628043, 0.4032984037346207], [0.0, 0.0, 0.0, 1.0]], [[-0.025756175597809534, -0.9969616075054384, -0.0735185959938832, 0.5426136119168632], [-0.3309803102868539, 0.07789903223123959, -0.9404164483715807, 1.2167082749615163], [0.9432860705179875, 0.00011160056382496133, -0.3319811818491567, 0.3974052330242144], [0.0, 0.0, 0.0, 1.0]], [[-0.03890050563599123, -0.9968418685461025, -0.06923885973207879, 0.5460655086293196], [-0.3309371821280381, 0.07823338441610367, -0.940404360526846, 1.219275128027913], [0.9428509526834545, -0.013668294118004937, -0.3329357031676529, 0.39795985027123315], [0.0, 0.0, 0.0, 1.0]], [[-0.053399372705373434, -0.9964418844987771, -0.06521173778792251, 0.5495620778043417], [-0.3303712263078316, 0.07925664501088049, -0.9405170997508401, 1.2196877743893821], [0.9423394703427784, -0.02867885444656423, -0.33342775811243663, 0.3983098347741353], [0.0, 0.0, 0.0, 1.0]], [[-0.06832933428149829, -0.995716057291957, -0.06230179036514232, 0.5533027787570579], [-0.32967540078443147, 0.08147439526787242, -0.9405721276222219, 1.2198466455949202], [0.9416182994988044, -0.043730128570071844, -0.3338307789490843, 0.4001680029959891], [0.0, 0.0, 0.0, 1.0]], [[-0.08401693330972615, -0.9945257508301323, -0.062131645755512985, 0.5618358264364296], [-0.3293243253929568, 0.08656188084217231, -0.9402401511193729, 1.220074696026166], [0.9404719712187165, -0.05853496614140976, -0.33479481907467956, 0.40350712427795415], [0.0, 0.0, 0.0, 1.0]], [[-0.09509820357029868, -0.9935196020922601, -0.06225284768914624, 0.5665233046867987], [-0.3295529373200879, 0.09043119836043324, -0.9397966530286933, 1.2198614887819603], [0.9393354525173759, -0.06885753609279369, -0.3360170412302165, 0.4060695649386837], [0.0, 0.0, 0.0, 1.0]], [[-0.11030783400416469, -0.9920868320601627, -0.05997791744523381, 0.5702765734978078], [-0.3271374885777495, 0.09322491043472175, -0.9403671075330848, 1.2187666803102049], [0.9385164559817889, -0.08410858381953801, -0.3348319415644423, 0.40845255176172574], [0.0, 0.0, 0.0, 1.0]], [[-0.12856747351675227, -0.9899091493248683, -0.05958297029564604, 0.5740034803720084], [-0.322780779243217, 0.09858092125267338, -0.9413254524089422, 1.2171900031254663], [0.9377009361177646, -0.10179178512474613, -0.3321987039854984, 0.4098295406562109], [0.0, 0.0, 0.0, 1.0]], [[-0.15093388058381657, -0.9864927315599681, -0.0636557875098236, 0.5822179976149058], [-0.3189490824138228, 0.10954585848995223, -0.9414195769471357, 1.2141162827401863], [0.9356767308359143, -0.12178898549758002, -0.3311746741646854, 0.4157396013121673], [0.0, 0.0, 0.0, 1.0]], [[-0.1705959579207434, -0.9829584661694024, -0.0684940026183947, 0.5888163755671477], [-0.3152307276009798, 0.12030474069318456, -0.9413585549147676, 1.2090063215925444], [0.9335559505225894, -0.1390002881887889, -0.33038187276741743, 0.42127788222078677], [0.0, 0.0, 0.0, 1.0]], [[-0.19459185490151804, -0.9778988320008093, -0.07647535942399727, 0.6022499054459514], [-0.3138515855231678, 0.13594022698051111, -0.9396899400492498, 1.2021901437412743], [0.9293171765252187, -0.15885405532041053, -0.3333682510713993, 0.43472943506510103], [0.0, 0.0, 0.0, 1.0]], [[-0.21537208322549597, -0.9731858940845969, -0.08077934991357189, 0.609126117059783], [-0.31456537853195055, 0.14745012444809802, -0.9377134809498984, 1.1937047946149362], [0.9244803762073767, -0.17654737429514636, -0.33788712148700156, 0.4500993042421794], [0.0, 0.0, 0.0, 1.0]], [[-0.23448162559945365, -0.9687740269869921, -0.0805907402874856, 0.6076485655280939], [-0.320293893246506, 0.15526411306583676, -0.9345077860999624, 1.1842853850960775], [0.9178403003143688, -0.19331203194707888, -0.34669874870359485, 0.47110556361616396], [0.0, 0.0, 0.0, 1.0]], [[-0.2597944519086827, -0.9624753689439411, -0.0784112877900013, 0.6045723115963598], [-0.3248688352648957, 0.16357783892284744, -0.9315048308770039, 1.176493060352925], [0.9093771015157981, -0.21652729575393123, -0.35517520524300383, 0.4939805329719332], [0.0, 0.0, 0.0, 1.0]], [[-0.2868906530748653, -0.954832739484468, -0.07739162830440043, 0.6010966737382986], [-0.3158466748238544, 0.17055111637234713, -0.9333560019043121, 1.1714043575543946], [0.9043976789525646, -0.2433268448793085, -0.35050949356327876, 0.5020303006376599], [0.0, 0.0, 0.0, 1.0]], [[-0.30926932323156187, -0.9474926393816131, -0.08130556433447214, 0.6019660169666863], [-0.30707675400484125, 0.18041604023648847, -0.934427149472227, 1.167150362020881], [0.9000315856952384, -0.2640222932520235, -0.34674979983244736, 0.5109541215816533], [0.0, 0.0, 0.0, 1.0]], [[-0.32585266384979394, -0.941579075196122, -0.08514248925640926, 0.6024589746173196], [-0.3065724358377769, 0.1904262755088355, -0.9326042557695611, 1.1582378187122404], [0.8943344958127845, -0.2777900193336697, -0.3507124236277506, 0.5265988345541885], [0.0, 0.0, 0.0, 1.0]], [[-0.34175102202860275, -0.9355870877315178, -0.08878962228922645, 0.6029086623163638], [-0.30753266191566536, 0.200609178522245, -0.9301495682739204, 1.1491990549718927], [0.8880490349201973, -0.2905733393546776, -0.3562818732279045, 0.5429100815976369], [0.0, 0.0, 0.0, 1.0]], [[-0.3576300032040215, -0.9295750096726914, -0.08939145907444927, 0.5942052561785973], [-0.30043904894233425, 0.20515979834264406, -0.9314752490301802, 1.142588000507704], [0.8842155063064194, -0.3062667543968638, -0.3526516239564466, 0.5497182496399438], [0.0, 0.0, 0.0, 1.0]], [[-0.36897154275379457, -0.9245716054146919, -0.09501400993812796, 0.5779209040262392], [-0.3003647904896692, 0.21535632981241226, -0.9291945793176514, 1.1467487025506746], [0.8795694017741101, -0.314307172131884, -0.3571681241391989, 0.5582350723558788], [0.0, 0.0, 0.0, 1.0]], [[-0.39463190123074376, -0.913782281604288, -0.09627668078009495, 0.5742159374028187], [-0.2945469219191827, 0.22505879455040087, -0.9287572506928445, 1.140176455698885], [0.8703494764341612, -0.338159252012914, -0.3579663478539379, 0.57299913614557], [0.0, 0.0, 0.0, 1.0]], [[-0.41458325225498677, -0.904693544439056, -0.09824175953779413, 0.5665671781658083], [-0.2929384569766893, 0.23488635261969149, -0.9268309254799375, 1.1321634783031564], [0.861573890388616, -0.3554699504844768, -0.3623988968174627, 0.5902573271190599], [0.0, 0.0, 0